/*--------------------------------*- C++ -*----------------------------------*\
| =========                 |                                                 |
| \\      /  F ield         | OpenFOAM: The Open Source CFD Toolbox           |
|  \\    /   O peration     | Version:  5.x                                   |
|   \\  /    A nd           | Web:      www.OpenFOAM.org                      |
|    \\/     M anipulation  |                                                 |
\*---------------------------------------------------------------------------*/
FoamFile
{
    version     2.0;
    format      ascii;
    class       surfaceScalarField;
    location    "0";
    object      phi;
}
// * * * * * * * * * * * * * * * * * * * * * * * * * * * * * * * * * * * * * //

dimensions      [0 3 -1 0 0 0 0];

internalField   nonuniform List<scalar> 
3890
(
0.00539908
-0.0761253
0.0707262
0.0103751
-0.0701075
0.0651321
0.015027
-0.0654666
0.0608149
0.0194261
-0.0618121
0.0574132
0.0236239
-0.0588833
0.0546853
0.0276589
-0.0565008
0.0524655
0.0315598
-0.0545377
0.0506366
0.0353483
-0.0529024
0.0491137
0.039045
-0.0515273
0.0478306
-0.0503625
0.0467261
0.0426814
0.00493595
-0.0810612
0.00948497
-0.0746566
0.0137379
-0.0697196
0.0177593
-0.0658337
0.0215961
-0.0627203
0.0252826
-0.0601876
0.0288447
-0.0581
0.0323019
-0.0563597
0.0356709
-0.0548962
-0.0536602
0.0389687
0.00444012
-0.0855007
0.00853244
-0.0787483
0.0123586
-0.0735455
0.0159767
-0.0694518
0.0194287
-0.0661726
0.0227455
-0.0635046
0.025949
-0.0613036
0.0290535
-0.0594643
0.0320649
-0.0579075
-0.0565701
0.0349748
0.00391484
-0.0894154
0.00752323
-0.0823568
0.0108976
-0.07692
0.0140894
-0.0726439
0.0171363
-0.0692197
0.0200658
-0.0664345
0.0228992
-0.0641371
0.0256522
-0.0622174
0.0283378
-0.0605932
-0.0592014
0.0309691
0.00336321
-0.0927783
0.00646366
-0.0854569
0.00936379
-0.0798201
0.0121083
-0.0753886
0.0147301
-0.0718418
0.0172541
-0.0689589
0.0197
-0.0665832
0.0220838
-0.0646015
0.0244205
-0.06293
-0.061506
0.0267249
0.00278873
-0.0955671
0.00535991
-0.0880284
0.00776582
-0.0822263
0.0100438
-0.077667
0.0122217
-0.0740201
0.0143208
-0.0710584
0.0163582
-0.068621
0.018348
-0.0665918
0.020303
-0.0648854
-0.0634381
0.0222346
0.00219487
-0.0977617
0.00421895
-0.0900521
0.0061134
-0.0841207
0.00790798
-0.0794617
0.0096248
-0.0757374
0.0112809
-0.0727151
0.01289
-0.0702307
0.014463
-0.0681656
0.0160097
-0.0664327
-0.064967
0.0175377
0.00158561
-0.0993475
0.00304797
-0.0915147
0.00441707
-0.08549
0.00571432
-0.0807594
0.00695601
-0.0769794
0.0081542
-0.0739139
0.00931889
-0.071396
0.0104577
-0.0693053
0.0115773
-0.0675531
-0.0660732
0.0126824
0.00096498
-0.100312
0.00185518
-0.0924043
0.0026886
-0.0863232
0.00347839
-0.0815492
0.00423434
-0.0777356
0.00496379
-0.0746439
0.00567269
-0.0721056
0.00636548
-0.0699991
0.00704599
-0.0682348
-0.0667455
0.00771696
0.000337507
-0.10065
0.000648827
-0.0927157
0.000940344
-0.0866146
0.00121637
-0.0818252
0.00148034
-0.0779997
0.00173458
-0.0748985
0.00198113
-0.0723528
0.00222127
-0.0702403
0.0024562
-0.068471
0.00268679
-0.0669779
0.00779971
-0.00779971
0.0149792
-0.0071791
0.021677
-0.00669731
0.0279925
-0.00631523
0.0339991
-0.00600659
0.0397525
-0.00575343
0.0452958
-0.00554322
0.0506629
-0.00536713
0.0558818
-0.00521895
-0.00509441
0.0609762
0.00775539
-0.0155542
0.0148941
-0.0143171
0.021554
-0.0133567
0.027834
-0.012595
0.0338068
-0.0119794
0.0395274
-0.0114741
0.045038
-0.0110538
0.0503716
-0.0107009
0.0555551
-0.0104024
-0.010149
0.0606096
0.00766662
-0.0232203
0.014724
-0.021374
0.0213085
-0.019941
0.0275179
-0.0188043
0.0334239
-0.0178853
0.0390799
-0.0171302
0.0445272
-0.0165011
0.0497972
-0.015971
0.0549157
-0.0155209
-0.0151369
0.0599035
0.00753369
-0.0307535
0.0144694
-0.0283093
0.0209414
-0.0264128
0.0270459
-0.0249087
0.032853
-0.0236926
0.0384148
-0.0226922
0.0437705
-0.0218568
0.0489495
-0.0211502
0.053975
-0.0205464
-0.0200272
0.0588652
0.00735685
-0.0381101
0.0141307
-0.035083
0.0204534
-0.0327357
0.0264193
-0.0308748
0.0320969
-0.0293704
0.0375368
-0.0281323
0.0427764
-0.0270965
0.0478426
-0.0262165
0.0527546
-0.0254585
-0.0247983
0.0575256
0.00713627
-0.0452462
0.0137083
-0.0416549
0.0198451
-0.0388726
0.0256387
-0.0366688
0.0311567
-0.0348887
0.0364487
-0.0334247
0.0415514
-0.0321994
0.0464902
-0.0311556
0.051281
-0.0302494
-0.0294471
0.0559296
0.00687228
-0.0521186
0.0132025
-0.0479855
0.0191163
-0.0447864
0.0247034
-0.042256
0.0300303
-0.0402159
0.0351471
-0.0385419
0.0400922
-0.0371449
0.0448941
-0.0359577
0.0495712
-0.0349267
-0.034004
0.0541278
0.00656536
-0.058684
0.0126141
-0.0540346
0.0182672
-0.0504398
0.0236116
-0.0476007
0.0287124
-0.0453169
0.0336203
-0.0434502
0.0383777
-0.0419024
0.0430215
-0.040602
0.0475883
-0.0394936
-0.0385279
0.0521119
0.00621637
-0.0649002
0.0119446
-0.0597629
0.0172993
-0.0557949
0.0223635
-0.0526652
0.0271992
-0.0501529
0.031855
-0.0481063
0.0363724
-0.0464201
0.0407925
-0.0450224
0.0451688
-0.04387
-0.0429537
0.0495945
0.00582688
0.0111968
0.016217
0.0209647
0.0254969
0.0298557
0.0340721
0.0381631
0.0421238
0.0458962
0.0625276
-0.00155137
0.0637985
-0.00127099
0.0648339
-0.00103536
0.0656701
-0.000836353
0.066338
-0.000667877
0.0668629
-0.000525007
0.0672665
-0.000403636
0.0675665
-0.000300149
0.0677779
-0.000211325
0.0679121
-0.0001343
0.0679787
-6.66519e-05
0.067985
-6.35821e-06
0.0679369
4.81627e-05
0.0678386
9.81773e-05
0.067694
0.000144636
0.0675056
0.000188317
0.0672759
0.000229822
0.0670061
0.000269695
0.0666978
0.000308392
0.000346394
0.0621661
-0.00310793
0.063451
-0.00255597
0.0645035
-0.00208792
0.0653592
-0.00169218
0.0660483
-0.001357
0.066596
-0.0010729
0.0670241
-0.000831725
0.0673499
-0.000626101
0.067588
-0.000449369
0.0677492
-0.00029569
0.0678428
-0.000160235
0.0678754
-3.90822e-05
0.0678529
7.07742e-05
0.0677792
0.000171697
0.0676585
0.000265466
0.0674932
0.000353539
0.067286
0.00043708
0.0670384
0.000517154
0.0667522
0.000594696
0.000670669
0.0614766
-0.004681
0.0627873
-0.00386687
0.0638697
-0.00317028
0.0647595
-0.00258208
0.065487
-0.00208452
0.0660775
-0.00166359
0.0665525
-0.00130668
0.0669284
-0.00100207
0.0672184
-0.000739294
0.067432
-0.000509511
0.0675776
-0.000305709
0.0676609
-0.00012247
0.0676874
4.42845e-05
0.0676613
0.000197682
0.0675868
0.000340152
0.0674665
0.000473693
0.0673037
0.000600019
0.0671001
0.000720688
0.0668577
0.000837149
0.000950894
0.0604551
-0.00627082
0.0618011
-0.00521306
0.0629254
-0.00429446
0.0638645
-0.00352138
0.0646498
-0.00286969
0.0653062
-0.00232006
0.0658536
-0.00185398
0.0663058
-0.00145443
0.0666736
-0.00110702
0.0669645
-0.000800497
0.0671854
-0.000526491
0.0673416
-0.000278797
0.0674388
-5.28262e-05
0.0674814
0.000155032
0.067474
0.000347696
0.0674199
0.000527715
0.0673226
0.000697372
0.0671844
0.000858828
0.0670076
0.0010141
0.00116527
0.0591228
-0.00786804
0.0605066
-0.00659693
0.0616807
-0.00546847
0.0626847
-0.00452546
0.0635499
-0.00373475
0.0642984
-0.00306861
0.0649451
-0.00250053
0.0654988
-0.0020082
0.0659668
-0.00157487
0.0663548
-0.0011886
0.0666695
-0.000841026
0.0669166
-0.000525962
0.0671025
-0.000238631
0.0672324
2.50333e-05
0.0673117
0.000268563
0.0673441
0.000495237
0.0673335
0.000708085
0.0672822
0.000910008
0.0671927
0.00110371
0.0012919
0.0575096
-0.009448
0.0589232
-0.00801071
0.060155
-0.00670016
0.0612462
-0.00561673
0.0622206
-0.00470891
0.0630892
-0.0039372
0.0638575
-0.0032686
0.064529
-0.00267971
0.0651095
-0.00215521
0.0656056
-0.00168474
0.0660255
-0.0012608
0.0663767
-0.000877202
0.0666668
-0.00052857
0.0669017
-0.000209922
0.067087
8.32993e-05
0.0672268
0.00035539
0.0673247
0.000610327
0.0673828
0.000851866
0.0674031
0.00108345
0.00130847
0.0556497
-0.0109699
0.0570783
-0.00943939
0.0583926
-0.00801428
0.0596092
-0.00683332
0.0607227
-0.00582208
0.0617258
-0.00494028
0.0626182
-0.00416063
0.0634048
-0.00346632
0.064096
-0.00284616
0.0647024
-0.00229112
0.065235
-0.00179321
0.0657026
-0.00134483
0.0661132
-0.000939019
0.0664725
-0.000569229
0.0667854
-0.000229551
0.0670553
8.54626e-05
0.067285
0.000380749
0.067476
0.000660874
0.0676295
0.00092995
0.00119201
0.0535641
-0.0124221
0.0550241
-0.0108994
0.056487
-0.00947691
0.0578613
-0.00820747
0.059107
-0.00706725
0.0602182
-0.00605122
0.0612073
-0.00514932
0.0620914
-0.00435023
0.0628876
-0.00364202
0.0636093
-0.00301278
0.0642676
-0.0024513
0.0648702
-0.00194734
0.0654231
-0.00149177
0.0659304
-0.00107651
0.0663954
-0.00069442
0.06682
-0.000339174
0.0672059
-5.08755e-06
0.0675539
0.000312944
0.0678643
0.000619537
0.000919143
0.0511712
-0.0139987
0.0528407
-0.0125688
0.0545013
-0.0111371
0.0559779
-0.00968375
0.0572828
-0.00837156
0.0584533
-0.00722136
0.059521
-0.00621652
0.0605072
-0.00533624
0.0614269
-0.00456138
0.0622894
-0.00387509
0.0631014
-0.00326307
0.0638672
-0.00271299
0.0645899
-0.00221439
0.0652717
-0.00175821
0.065914
-0.00133664
0.0665177
-0.000942832
0.0670834
-0.000570745
0.0676113
-0.000214942
0.0681015
0.000129386
0.000466883
0.047769
-0.0158714
0.0496018
-0.0144013
0.0513579
-0.0128926
0.0530046
-0.01133
0.0545262
-0.00989243
0.0559315
-0.00862635
0.0572373
-0.00752176
0.0584579
-0.00655659
0.0596055
-0.00570863
0.0606891
-0.00495856
0.0617162
-0.00428983
0.0626919
-0.00368859
0.0636207
-0.00314299
0.0645055
-0.00264301
0.065349
-0.00217996
0.0661526
-0.00174643
0.0669178
-0.00133577
0.0676451
-0.000942268
0.0683352
-0.000560661
-0.0001862
0.0673406
-0.0145823
-0.0686295
0.0661653
-0.0132255
0.0652004
-0.0119272
0.0645193
-0.0106486
0.0640675
-0.00944021
0.0637756
-0.00833417
0.0635919
-0.00733771
0.0634806
-0.00644512
0.063418
-0.00564575
0.0633874
-0.00492781
0.0633777
-0.0042799
0.0633807
-0.00369152
0.0633911
-0.00315328
0.063405
-0.00265679
0.0634198
-0.00219462
0.0634335
-0.00176015
0.0634452
-0.00134743
0.0634541
-0.000951076
0.0634596
-0.000566157
-0.000187987
0.0686974
-0.0130336
-0.0702457
0.0674636
-0.0119916
0.066479
-0.0109424
0.0657277
-0.00989728
0.0651735
-0.00888585
0.0647721
-0.00793266
0.0644845
-0.00704996
0.06428
-0.00624058
0.0641359
-0.00550154
0.0640353
-0.00482716
0.063966
-0.00421049
0.063919
-0.00364438
0.0638876
-0.00312183
0.0638672
-0.00263628
0.0638542
-0.00218159
0.0638463
-0.00175215
0.0638416
-0.00134272
0.063839
-0.000948482
0.0638378
-0.00056489
-0.000187602
0.0697394
-0.0115027
-0.0712701
0.0685128
-0.0107649
0.0675241
-0.00995367
0.0667392
-0.0091124
0.0661267
-0.0082735
0.0656548
-0.00746078
0.0652938
-0.0066891
0.065019
-0.00596577
0.0648103
-0.00529282
0.064652
-0.00466885
0.0645322
-0.00409059
0.0644415
-0.00355371
0.0643732
-0.00305344
0.0643219
-0.00258492
0.0642837
-0.00214337
0.0642557
-0.00172414
0.0642358
-0.00132284
0.0642226
-0.000935246
0.0642151
-0.000557322
-0.000185138
0.0704772
-0.0101286
-0.0718513
0.069324
-0.0096118
0.0683653
-0.00899519
0.0675781
-0.00832536
0.0669394
-0.00763512
0.0664265
-0.00694803
0.0660172
-0.00628001
0.065692
-0.00564075
0.0654343
-0.00503519
0.0652303
-0.00446495
0.065069
-0.00392939
0.0649418
-0.00342649
0.0648417
-0.00295335
0.0647634
-0.00250666
0.0647029
-0.00208283
0.064657
-0.00167824
0.0646234
-0.00128928
0.0646006
-0.000912369
0.0645873
-0.000544018
-0.000180773
0.0709941
-0.00892713
-0.0721957
0.0699406
-0.00855856
0.0690352
-0.00809002
0.0682683
-0.00755881
0.0676265
-0.0069937
0.0670945
-0.00641631
0.0666564
-0.00584225
0.0662975
-0.00528208
0.0660045
-0.00474231
0.0657658
-0.0042264
0.0655719
-0.00373558
0.0654149
-0.00326953
0.0652884
-0.00282686
0.0651873
-0.00240553
0.0651075
-0.00200307
0.065046
-0.00161673
0.0650003
-0.00124367
0.0649689
-0.000880944
0.0649505
-0.000525611
-0.000174711
0.0713626
-0.00787222
-0.0724177
0.0704092
-0.00760533
0.0695664
-0.00724754
0.0688334
-0.00682622
0.0682039
-0.00636459
0.0676685
-0.0058813
0.0672166
-0.00539065
0.0668373
-0.00490305
0.0665204
-0.00442562
0.0662567
-0.00396281
0.066038
-0.00351704
0.0658576
-0.0030892
0.0657097
-0.00267906
0.0655897
-0.00228558
0.0654938
-0.00190719
0.065419
-0.00154197
0.0653631
-0.00118773
0.0653242
-0.000842135
0.0653014
-0.000502776
-0.000167174
0.0716295
-0.00693733
-0.0725645
0.070767
-0.00674296
0.0699877
-0.00646857
0.069295
-0.00613392
0.0686872
-0.00575713
0.0681592
-0.00535366
0.0677042
-0.00493602
0.0673148
-0.00451387
0.0669832
-0.0040943
0.0667024
-0.00368217
0.0664658
-0.00328059
0.0662677
-0.0028912
0.0661032
-0.0025146
0.0659681
-0.00215053
0.065859
-0.00179817
0.0657733
-0.00145623
0.0657087
-0.00112314
0.0656636
-0.000797097
0.065637
-0.000476186
-0.000158382
0.0718239
-0.00610145
-0.0726599
0.0710413
-0.00596055
0.0703223
-0.00574982
0.0696718
-0.00548374
0.0690907
-0.00517633
0.0685768
-0.00484015
0.0681264
-0.00448587
0.0677343
-0.00412211
0.0673953
-0.00375553
0.067104
-0.003391
0.0668552
-0.00303192
0.0666443
-0.00268041
0.0664673
-0.00233759
0.0663205
-0.00200379
0.066201
-0.00167872
0.0661064
-0.00136164
0.0660347
-0.00105149
0.0659845
-0.000746936
0.0659548
-0.000446489
-0.000148549
0.0719648
-0.00534862
-0.0727177
0.0712521
-0.00524792
0.0705884
-0.00508636
0.0699792
-0.00487484
0.0694268
-0.00462425
0.0689311
-0.00434472
0.0684901
-0.00404519
0.0681009
-0.00373316
0.0677599
-0.00341467
0.0674631
-0.00309438
0.0672067
-0.00277568
0.0669872
-0.00246094
0.0668011
-0.00215157
0.0666455
-0.00184831
0.0665181
-0.00155127
0.0664165
-0.00126014
0.0663392
-0.000974246
0.066285
-0.000692666
0.0662528
-0.000414286
-0.000137874
0.0720655
-0.00466633
-0.0727478
0.0714136
-0.00459607
0.0707999
-0.00447282
0.0702298
-0.00430497
0.0697064
-0.00410105
0.0692306
-0.00386924
0.0688021
-0.00361697
0.0684194
-0.00335064
0.0680802
-0.0030756
0.0677818
-0.00279613
0.0675215
-0.00251549
0.0672965
-0.00223606
0.0671043
-0.00195945
0.0669426
-0.00168659
0.0668092
-0.00141791
0.0667024
-0.00115339
0.0666208
-0.000892688
0.0665633
-0.000635193
0.0665292
-0.000380115
-0.000126536
0.0721358
-0.00404443
-0.0727576
0.0715369
-0.00399715
0.0709678
-0.00390385
0.0704338
-0.00377111
0.0699382
-0.0036057
0.0694829
-0.00341421
0.0690685
-0.00320277
0.0686944
-0.0029768
0.0683596
-0.00274094
0.0680624
-0.00249902
0.0678009
-0.00225407
0.0675731
-0.00200837
0.0673772
-0.00176355
0.0672113
-0.00152069
0.0670737
-0.00128038
0.0669631
-0.00104283
0.0668783
-0.00080792
0.0668184
-0.000575302
0.0667827
-0.000344444
-0.000114689
0.072183
-0.00347436
-0.072753
0.0716302
-0.00344418
0.0711005
-0.00337429
0.0705992
-0.00326989
0.0701297
-0.00313638
0.0696943
-0.0029791
0.0692944
-0.00280306
0.0689303
-0.00261281
0.0686015
-0.00241233
0.0683074
-0.00220494
0.0680466
-0.00199338
0.067818
-0.00177977
0.0676201
-0.00156569
0.0674516
-0.00135223
0.0673113
-0.0011401
0.067198
-0.000929618
0.0671109
-0.000720856
0.0670493
-0.000513649
0.0670125
-0.000307668
-0.000102467
0.0722132
-0.00294866
-0.0727388
0.0717001
-0.00293089
0.0712049
-0.0028792
0.0707327
-0.00279774
0.0702869
-0.00269081
0.0698704
-0.00256271
0.0694847
-0.00241754
0.0691308
-0.00225905
0.0688089
-0.00209059
0.0685189
-0.00191503
0.0682602
-0.00173474
0.068032
-0.00155164
0.0678335
-0.00136719
0.0676637
-0.00118246
0.0675217
-0.00099815
0.0674068
-0.000814686
0.0673181
-0.000632235
0.0672553
-0.000450769
0.0672177
-0.00027011
-8.99759e-05
0.072231
-0.0024606
-0.0727189
0.0717518
-0.00245149
0.0712864
-0.00241386
0.0708396
-0.00235101
0.070415
-0.00226637
0.0700156
-0.00216337
0.0696432
-0.0020453
0.0692992
-0.00191524
0.0689845
-0.00177594
0.0686992
-0.00162982
0.0684433
-0.0014789
0.0682165
-0.00132485
0.0680182
-0.00116898
0.067848
-0.00101225
0.0677052
-0.000855354
0.0675892
-0.000698738
0.0674996
-0.000542627
0.0674359
-0.00038708
0.0673978
-0.000232025
-7.73029e-05
0.0722401
-0.00200404
-0.0726965
0.0717894
-0.00200057
0.0713493
-0.00197372
0.0709242
-0.00192606
0.070518
-0.00186028
0.0701336
-0.00177907
0.0697732
-0.00168505
0.0694385
-0.00158065
0.0691306
-0.00146811
0.0688501
-0.0013494
0.0685974
-0.0012262
0.0683724
-0.00109989
0.068175
-0.000971605
0.0680049
-0.000842193
0.0678618
-0.00071228
0.0677453
-0.000582284
0.0676552
-0.000452454
0.067591
-0.000322896
0.0675526
-0.000193608
-6.45128e-05
0.0722436
-0.00157318
-0.0726743
0.0718162
-0.001573
0.0713969
-0.00155436
0.07099
-0.00151921
0.0705993
-0.0014696
0.0702276
-0.00140758
0.0698776
-0.00133514
0.0695511
-0.00125419
0.0692493
-0.00116645
0.0689733
-0.00107346
0.0687237
-0.000976578
0.0685007
-0.000876905
0.0683044
-0.000775355
0.0681348
-0.000672638
0.0679918
-0.000569284
0.0678752
-0.000465663
0.0677847
-0.000362007
0.0677203
-0.00025844
0.0676817
-0.000154997
-5.16531e-05
0.0722438
-0.00116256
-0.0726542
0.0718349
-0.00116387
0.0714321
-0.00115148
0.0710396
-0.00112681
0.0706613
-0.00109131
0.0703001
-0.00104647
0.0699586
-0.000993741
0.0696388
-0.000934497
0.0693423
-0.000870014
0.0690702
-0.000801431
0.0688234
-0.000729744
0.0686022
-0.000655795
0.0684071
-0.000580271
0.0682382
-0.000503721
0.0680954
-0.000426557
0.0679788
-0.000349075
0.0678883
-0.000271471
0.0678237
-0.000193859
0.067785
-0.000116286
-3.87564e-05
0.0722424
-0.000766924
-0.0726379
0.0718473
-0.000768418
0.0714567
-0.000760878
0.0710751
-0.000745209
0.0707061
-0.000722346
0.0703528
-0.000693242
0.0700178
-0.00065884
0.0697033
-0.000620038
0.0694109
-0.000577673
0.0691419
-0.000532498
0.0688973
-0.000485171
0.0686777
-0.000436256
0.0684837
-0.000386214
0.0683153
-0.000335416
0.0681729
-0.000284146
0.0680564
-0.000232608
0.0679659
-0.000180944
0.0679013
-0.000129238
0.0678625
-7.75339e-05
-2.58425e-05
0.072241
-0.000381242
-0.0726264
0.0718548
-0.000381997
0.0714724
-0.000378396
0.071098
-0.000370795
0.0707352
-0.000359611
0.0703872
-0.000345301
0.0700566
-0.000328328
0.0697457
-0.000309136
0.0694561
-0.000288139
0.0691892
-0.000265714
0.0689462
-0.000242188
0.0687278
-0.000217845
0.0685345
-0.000192915
0.0683666
-0.000167586
0.0682244
-0.000142003
0.0681081
-0.000116269
0.0680176
-9.04588e-05
0.067953
-6.46171e-05
0.0679142
-3.87686e-05
-1.29223e-05
0.0722402
-0.0726212
0.0718584
0.07148
0.0711092
0.0707495
0.0704042
0.0700758
0.0697667
0.0694785
0.0692128
0.0689706
0.0687527
0.0685598
0.0683922
0.0682502
0.0681339
0.0680434
0.0679788
0.0679401
0.0657398
0.00264728
-0.0657012
0.0658564
0.00759853
0.0660475
0.01249
0.0663049
0.0172793
0.0666156
0.0219233
0.0669614
0.0263787
0.0673217
0.0306088
0.0676857
0.0346109
0.0681014
0.0385533
0.0421541
0.0646832
0.00258075
-0.0646184
0.0648784
0.0074016
0.0652064
0.0121608
0.0656688
0.016816
0.0662657
0.0213259
0.066989
0.0256553
0.0678063
0.0297915
0.0686314
0.0337861
0.0694128
0.0377721
0.0413215
0.0637709
0.00249178
-0.0636834
0.0640308
0.00714
0.0644646
0.0117262
0.0650699
0.0162101
0.0658373
0.0205582
0.0667392
0.0247533
0.0677222
0.0288086
0.0687379
0.0327707
0.069914
0.0365962
0.0399654
0.0629758
0.00238539
-0.0628709
0.0632843
0.0068299
0.0637932
0.0112161
0.0644925
0.0155101
0.0653607
0.0196895
0.0663628
0.023751
0.0674649
0.0277066
0.0686923
0.0315435
0.0701743
0.0351144
0.0382883
0.0622769
0.00226687
-0.0621597
0.0626185
0.00648688
0.063177
0.0106568
0.0639364
0.0147501
0.0648728
0.0187529
0.0659615
0.0226621
0.0672009
0.0264672
0.0686398
0.0301048
0.0703297
0.0334245
0.0364222
0.0616593
0.00214006
-0.0615339
0.062023
0.00612193
0.0626149
0.010064
0.0634182
0.0139461
0.0644143
0.0177563
0.0655938
0.0214825
0.066971
0.0250899
0.0685798
0.028496
0.070416
0.0315883
0.0344205
0.0611129
0.0020077
-0.0609816
0.0614919
0.0057419
0.0621089
0.00944634
0.0629501
0.0131044
0.0640046
0.0167015
0.0652728
0.0202141
0.0667695
0.0235931
0.0685057
0.0267598
0.070452
0.029642
0.0323078
0.0606301
0.00187097
-0.0604944
0.0610212
0.00534991
0.0616597
0.00880702
0.0625365
0.012227
0.0636468
0.0155908
0.0649943
0.0188664
0.0665869
0.0220005
0.0684182
0.0249286
0.0704526
0.0276076
0.0301006
0.0602054
0.00173063
-0.0600658
0.0606071
0.00494747
0.0612658
0.00814787
0.0621761
0.0113163
0.0633368
0.0144298
0.0647508
0.0174522
0.0664177
0.0203335
0.0683219
0.0230244
0.0704292
0.0255004
0.0278122
0.0598337
0.00158674
-0.0596905
0.0602457
0.00453491
0.0609234
0.00746962
0.0618644
0.0103748
0.0630686
0.0132252
0.0645362
0.0159845
0.0662604
0.0186092
0.0682218
0.0210631
0.0703901
0.0233322
0.0254546
0.0595107
0.00143952
-0.0593638
0.0599325
0.00411273
0.0606279
0.00677382
0.0615961
0.00940622
0.0628367
0.0119844
0.0643466
0.0144745
0.0661153
0.0168405
0.0681223
0.0190561
0.0703415
0.0211132
0.0230386
0.0592321
0.00128896
-0.0590818
0.0596632
0.00368127
0.0603748
0.00606181
0.0613665
0.0084142
0.0626366
0.010714
0.0641797
0.0129313
0.0659831
0.0150371
0.068027
0.0170123
0.0702884
0.0188519
0.0205742
0.0589941
0.00113536
-0.0588406
0.0594339
0.00324135
0.0601598
0.00533568
0.0611712
0.00740258
0.0624651
0.00941987
0.0640342
0.0113621
0.0658649
0.0132064
0.0679385
0.0149388
0.0702345
0.0165561
0.0180701
0.0587933
0.000978886
-0.0586368
0.0592409
0.00279375
0.0599792
0.00459713
0.0610069
0.00637458
0.0623199
0.00810669
0.0639094
0.00977248
0.0657616
0.0113542
0.0678589
0.0128416
0.0701827
0.0142325
0.0155341
0.0586266
0.000819969
-0.0584676
0.059081
0.00233951
0.0598299
0.0038482
0.060871
0.00533327
0.0621991
0.00677843
0.0638046
0.00816691
0.0656737
0.00948518
0.0677898
0.0107257
0.0701355
0.011887
0.0129733
0.0584915
0.000658886
-0.0583302
0.0589517
0.00187952
0.0597094
0.00309049
0.0607614
0.00428105
0.0621016
0.00543813
0.0637196
0.00654881
0.0656018
0.00760302
0.0677323
0.00859538
0.0700946
0.00952494
0.0103939
0.0583858
0.000496049
-0.0582226
0.0588509
0.0014148
0.0596158
0.00232562
0.0606767
0.00322007
0.0620264
0.00408836
0.0636542
0.00492101
0.0655464
0.00571092
0.0676875
0.00645441
0.0700617
0.00715096
0.00780179
0.0583077
0.000331763
-0.058143
0.0587769
0.000946138
0.0595478
0.00155488
0.0606157
0.00215204
0.0619729
0.00273108
0.0636082
0.00328579
0.0655076
0.00381156
0.0676561
0.00430615
0.0700379
0.00476942
0.00520208
0.058256
0.000166322
-0.05809
0.0587285
0.000474389
0.0595041
0.000779414
0.0605777
0.00107838
0.0619408
0.00136798
0.0635816
0.00164506
0.0654859
0.00190734
0.0676385
0.00215377
0.0700238
0.00238441
0.00259975
0.0582298
-0.0580626
0.0587047
0.059484
0.0605624
0.0619304
0.0635755
0.0654829
0.0676368
0.0700214
0.0388156
0.0507068
-0.0471252
-0.0423973
0.0351625
0.0518625
-0.0482128
0.0314119
0.0532296
-0.0494806
0.0275428
0.0548579
-0.0509901
0.0235344
0.0568152
-0.0528078
0.0193589
0.0591938
-0.0550193
0.014979
0.0621215
-0.0577423
0.0103437
0.0657789
-0.0611447
0.0053835
0.0704295
-0.0654702
0.0764668
-0.0710845
0.0353814
0.0539369
-0.0386135
0.0320636
0.0551764
0.0286505
0.0566408
0.025126
0.0583807
0.0214721
0.0604677
0.017664
0.0630006
0.0136681
0.0661158
0.00943876
0.0700069
0.00491243
0.0749545
0.0813788
0.0317506
0.0567916
-0.034607
0.0287857
0.0581375
0.0257247
0.0597001
0.0225603
0.0615435
0.0192791
0.0637478
0.0158593
0.0664191
0.0122714
0.0697028
0.00847394
0.0738035
0.00441042
0.0790178
0.0857888
0.0280158
0.0593779
-0.0306039
0.0253701
0.0607792
0.0226573
0.0624112
0.019862
0.0643372
0.0169686
0.0666401
0.0139561
0.0694307
0.0107973
0.0728608
0.00745547
0.0771449
0.00388011
0.082593
0.089669
0.0240984
0.0616444
-0.0263666
0.0217962
0.0630775
0.0194488
0.064757
0.017039
0.0667457
0.0145505
0.0691276
0.0119637
0.0720167
0.00925405
0.07557
0.00638894
0.0800094
0.0033248
0.085657
0.0929936
0.0199844
0.0635434
-0.0218851
0.0180596
0.0649986
0.0161028
0.0667122
0.0140993
0.0687479
0.0120346
0.0711913
0.00989176
0.074159
0.00764944
0.0778119
0.00528038
0.0823786
0.00274763
0.0881899
0.0957417
0.0156958
0.0650429
-0.0171971
0.0141761
0.0665149
0.0126333
0.0682536
0.0110561
0.070324
0.00943336
0.0728135
0.00775114
0.0758407
0.00599275
0.0795703
0.00413603
0.0842352
0.00215204
0.0901742
0.0978938
0.0112681
0.0661225
-0.0123494
0.0101729
0.0676067
0.0090623
0.0693628
0.00792795
0.0714573
0.00676205
0.0739787
0.00555472
0.0770478
0.00429365
0.0808315
0.00296307
0.0855664
0.00154165
0.0915963
0.099436
0.00674031
0.06677
-0.00738925
0.00608255
0.0682613
0.00541653
0.0700276
0.00473694
0.072136
0.00403914
0.0746761
0.00331717
0.0777696
0.00256373
0.0815852
0.00176903
0.0863614
0.000920414
0.0924453
0.100357
0.00215222
-0.00236237
0.00193919
0.00172528
0.00150754
0.00128459
0.00105451
0.000814778
0.000562227
0.000292615
0.0565837
0.00520351
-0.0617873
0.0512635
0.00531834
0.0458048
0.00545806
0.0401773
0.00562681
0.0343457
0.00583081
0.0282659
0.00607893
0.0218809
0.00638381
0.0151159
0.00676363
0.00786923
0.00724489
0.00786722
0.0562232
0.0103591
-0.0613799
0.0509448
0.0105943
0.0455248
0.0108768
0.0399344
0.0112157
0.0341395
0.011624
0.0280967
0.0121196
0.0217502
0.0127279
0.0150254
0.0134853
0.00782167
0.0144451
0.0156872
0.0555197
0.0154347
-0.0605964
0.0503179
0.015794
0.0449713
0.0162223
0.0394527
0.0167331
0.0337295
0.0173458
0.02776
0.0180874
0.0214896
0.0189962
0.0148453
0.020127
0.00772782
0.0215596
0.0234136
0.0544907
0.0203949
-0.0594519
0.0493973
0.0208854
0.044155
0.0214636
0.0387394
0.0221475
0.0331206
0.0229633
0.0272588
0.0239476
0.0211011
0.0251518
0.0145766
0.026649
0.00758781
0.0285455
0.0309999
0.0531651
0.0252158
-0.0579867
0.0482029
0.025846
0.0430889
0.0265769
0.0378029
0.0274326
0.0323179
0.0284472
0.0265962
0.0296679
0.0205868
0.0311593
0.0142205
0.0330131
0.00740217
0.0353613
0.0384009
0.0515776
0.0298942
-0.0562568
0.0467548
0.0306675
0.041784
0.0315469
0.0366493
0.0325665
0.0313251
0.0337705
0.0257748
0.0352169
0.0199485
0.0369841
0.0137783
0.0391812
0.00717164
0.0419656
0.0455714
0.0497524
0.034463
-0.0543216
0.0450602
0.035359
0.0402419
0.0363649
0.0352789
0.0375289
0.0301431
0.0389056
0.0247961
0.0405629
0.0191877
0.0425912
0.0132514
0.045116
0.00689695
0.0483182
0.0524675
0.0476581
0.0389849
-0.0521804
0.0430907
0.0399256
0.0384446
0.0410104
0.0336833
0.0422896
0.0287693
0.043819
0.0236605
0.0456709
0.0183062
0.0479445
0.0126412
0.0507795
0.00657906
0.0543788
0.0590459
0.0451311
0.0433972
-0.0495435
0.0407679
0.0442874
0.0363597
0.0454179
0.0318516
0.046797
0.0272022
0.0484677
0.02237
0.0505023
0.0173067
0.0530068
0.0119504
0.0561343
0.00621941
0.0601086
0.0652646
0.0419777
-0.0457085
0.0380496
0.0339858
0.0297915
0.0254503
0.020932
0.0161947
0.0111828
0.00581983
0.0704294
0.000281295
0.0704617
-3.23541e-05
0.0704771
-1.55146e-05
0.0704721
4.84713e-06
0.0704431
2.88399e-05
0.0703863
5.66831e-05
0.0702974
8.875e-05
0.0701717
0.000125607
0.0700035
0.000168072
0.0697862
0.000217267
0.0695113
0.000274696
0.069169
0.000342276
0.0687463
0.000422381
0.0682284
0.000517803
0.0675962
0.00063175
0.0668279
0.000767797
0.0658971
0.00093004
0.064773
0.0011233
0.0634186
0.0013535
0.00162846
0.070422
0.000569796
0.0704324
-4.29407e-05
0.0704255
-8.90966e-06
0.0703979
3.21973e-05
0.0703458
8.06459e-05
0.0702653
0.00013689
0.0701521
0.000201653
0.0700015
0.000276012
0.0698078
0.000361485
0.0695647
0.000460183
0.0692642
0.000574943
0.0688967
0.000709494
0.06845
0.000868553
0.0679094
0.00105783
0.0672564
0.00128394
0.066469
0.00155423
0.0655208
0.00187691
0.0643813
0.00226141
0.0630141
0.00271926
0.00326047
0.0704081
0.000872275
0.070375
-1.00492e-05
0.0703242
4.15872e-05
0.0702523
0.000103882
0.0701553
0.000177342
0.0700293
0.000262738
0.0698695
0.000361142
0.0696713
0.000474108
0.0694288
0.000603671
0.0691362
0.000752678
0.0687859
0.000924919
0.0683697
0.00112559
0.0678763
0.00136146
0.0672925
0.00164121
0.0666004
0.00197519
0.0657786
0.00237517
0.0648004
0.00285393
0.0636348
0.00342566
0.0622445
0.00410826
0.00490631
0.0703869
0.00119594
0.0702884
8.81213e-05
0.0701723
0.00015751
0.0700349
0.000241046
0.0698723
0.000339666
0.0696802
0.00045461
0.0694536
0.000587465
0.0691873
0.000740294
0.0688751
0.000915601
0.068511
0.00111668
0.068088
0.00134778
0.0675986
0.00161482
0.0670339
0.00192584
0.066383
0.00229185
0.0656306
0.00272701
0.0647567
0.00324839
0.0637348
0.00387486
0.0625331
0.00462645
0.0611121
0.00552825
0.00656495
0.0703578
0.00154868
0.0701716
0.000274066
0.0699681
0.000360745
0.0697442
0.00046472
0.0694961
0.000587547
0.0692193
0.00073123
0.0689083
0.000898172
0.0685573
0.00109122
0.0681592
0.00131353
0.067707
0.00156885
0.067193
0.0018616
0.0666102
0.00219762
0.065951
0.00258488
0.0652078
0.0030349
0.0643702
0.0035641
0.0634234
0.00419465
0.0623438
0.00495355
0.0610995
0.00586971
0.0596478
0.00697902
0.00822429
0.0703201
0.00193916
0.0700225
0.000571318
0.0697088
0.000674253
0.0693765
0.000796748
0.0690226
0.000941225
0.0686429
0.00111086
0.0682316
0.00130926
0.0677823
0.00154046
0.067287
0.00180869
0.0667372
0.00211861
0.0661235
0.00247522
0.0654369
0.00288431
0.0646688
0.00335292
0.0638128
0.00389089
0.0628636
0.00451302
0.0618158
0.00524227
0.060657
0.00611185
0.0593636
0.00716264
0.0578912
0.00845086
0.00985799
0.0702735
0.00237619
0.0698398
0.00100469
0.0693911
0.00112269
0.068927
0.00126055
0.0684456
0.00142236
0.0679431
0.00161308
0.0674144
0.00183779
0.0668528
0.00210186
0.0662504
0.00241088
0.065598
0.00277097
0.0648845
0.00318861
0.0640979
0.00367088
0.0632254
0.00422523
0.0622561
0.00486011
0.0611827
0.00558609
0.0600052
0.00641927
0.0587299
0.00738661
0.057363
0.00852873
0.0558869
0.00992633
0.0114221
0.0702204
0.0028663
0.0696233
0.00160128
0.0690128
0.00173268
0.0683924
0.00188045
0.0677608
0.00205344
0.0671143
0.00225915
0.0664477
0.00250389
0.0657553
0.00279387
0.0650301
0.00313559
0.0642642
0.00353643
0.0634477
0.00400469
0.0625683
0.00454992
0.0616105
0.00518256
0.0605563
0.0059139
0.0593867
0.00675518
0.0580883
0.00771706
0.0566653
0.00880892
0.055159
0.0100345
0.0536632
0.0114214
0.0129043
0.0701703
0.00340646
0.0693726
0.00239818
0.068572
0.0025326
0.0677735
0.00267819
0.066972
0.00285421
0.0661611
0.00306932
0.0653349
0.00332937
0.064488
0.00364007
0.0636149
0.00400785
0.0627102
0.00444045
0.061767
0.00494707
0.0607772
0.00553893
0.0597296
0.00622932
0.0586084
0.00703415
0.0573908
0.00797175
0.0560446
0.00906211
0.0545309
0.0103215
0.0528365
0.0117275
0.0511417
0.0131153
0.0145002
0.0701602
0.00395638
0.0690727
0.00348434
0.0680596
0.00354458
0.0670711
0.00366564
0.0660855
0.00383871
0.065091
0.00406271
0.0640793
0.00433991
0.0630435
0.00467469
0.061977
0.00507318
0.0608727
0.00554345
0.059723
0.00609551
0.0585188
0.00674181
0.0572492
0.0074975
0.055901
0.00838089
0.0544582
0.00941312
0.0529033
0.0106155
0.0512259
0.0119974
0.049442
0.0135103
0.0475886
0.0149676
0.0163785
0.0648129
0.00378748
0.0646255
0.00367045
0.0644784
0.0036906
0.0643533
0.00378963
0.0642424
0.00394841
0.0641427
0.00416125
0.0640535
0.00442793
0.0639758
0.00475107
0.0639126
0.00513514
0.0638685
0.0055862
0.0638509
0.00611173
0.0638708
0.00672057
0.0639442
0.0074227
0.0640949
0.00822869
0.0643585
0.00914801
0.0647871
0.0101853
0.065451
0.0113322
0.0664054
0.0125546
0.0675721
0.0137997
0.0151072
0.068843
0.0646959
0.00373538
0.0646456
0.00371951
0.0645774
0.00375774
0.0645121
0.00385396
0.0644553
0.00400419
0.0644094
0.0042061
0.0643766
0.00445967
0.0643599
0.00476669
0.0643637
0.0051303
0.064394
0.0055547
0.0644598
0.00604487
0.0645729
0.00660629
0.0647501
0.00724438
0.0650142
0.00796354
0.0653957
0.00876544
0.065934
0.00964611
0.0666734
0.0105919
0.0676505
0.0115769
0.0688796
0.0125698
0.0135583
0.0704271
0.06468
0.00369939
0.0646839
0.00371487
0.0646736
0.00376727
0.0646623
0.00386456
0.0646572
0.00400853
0.0646629
0.00419952
0.0646836
0.0044382
0.0647235
0.00472598
0.064788
0.00506495
0.0648842
0.00545771
0.0650212
0.00590707
0.065211
0.00641566
0.0654693
0.0069853
0.0658161
0.00761597
0.0662764
0.00830443
0.0668798
0.00904212
0.0676584
0.00981292
0.0686433
0.0105917
0.0698681
0.0113445
0.0120266
0.0713991
0.0646955
0.00364802
0.0647363
0.00367358
0.0647709
0.00373209
0.0648063
0.00382878
0.0648481
0.00396618
0.0649016
0.0041456
0.0649714
0.00436801
0.0650625
0.00463447
0.0651808
0.00494622
0.0653336
0.00530455
0.0655298
0.0057105
0.0657807
0.00616449
0.0661
0.00666569
0.0665045
0.00721117
0.0670141
0.00779473
0.0676506
0.0084055
0.0684372
0.00902637
0.0693961
0.00963263
0.0705502
0.0101904
0.0106518
0.0719248
0.0647211
0.00357145
0.0647948
0.00359969
0.0648676
0.00365908
0.0649437
0.00375252
0.0650276
0.00388205
0.065124
0.00404892
0.0652379
0.00425399
0.0653742
0.00449791
0.0655391
0.00478118
0.0657395
0.00510403
0.0659838
0.00546617
0.0662819
0.0058664
0.0666455
0.00630211
0.0670881
0.0067686
0.0676249
0.00725815
0.0682715
0.00775912
0.0690434
0.00825482
0.0699539
0.00872263
0.0710117
0.0091328
0.0094474
0.0722163
0.0647493
0.00346663
0.0648542
0.00349469
0.0649611
0.00355205
0.0650732
0.00364031
0.0651944
0.00376073
0.0653291
0.00391422
0.0654818
0.00410129
0.0656575
0.00432218
0.065862
0.00457676
0.0661017
0.00486443
0.066384
0.00518395
0.0667176
0.00553303
0.0671119
0.00590799
0.0675777
0.00630317
0.0681258
0.00671038
0.0687672
0.00711818
0.0695112
0.00751133
0.0703641
0.00787032
0.0713263
0.00817128
0.00838616
0.072388
0.0647773
0.00333401
0.0649115
0.00336058
0.0650493
0.00341433
0.0651936
0.00349603
0.0653479
0.00360643
0.0655162
0.00374599
0.0657027
0.00391486
0.0659121
0.00411284
0.0661497
0.0043393
0.0664212
0.00459307
0.0667331
0.00487223
0.0670925
0.00517387
0.0675071
0.00549372
0.0679849
0.00582582
0.0685336
0.00616211
0.0691604
0.00649202
0.0698702
0.00680218
0.070665
0.00707641
0.0715411
0.00729591
0.00744066
0.0724875
0.0648039
0.00317469
0.0649653
0.00319924
0.065131
0.00324856
0.065304
0.00332306
0.0654875
0.003423
0.065685
0.0035485
0.0659006
0.00369937
0.0661385
0.00387507
0.0664034
0.00407459
0.0667003
0.00429637
0.0670347
0.0045381
0.0674124
0.00479653
0.0678392
0.00506723
0.0683212
0.00534434
0.0688635
0.00562029
0.0694705
0.00588564
0.0701445
0.006129
0.0708845
0.00633717
0.0716859
0.00649568
0.00658957
0.072538
0.0648285
0.00299101
0.0650146
0.00301322
0.0652055
0.00305775
0.065404
0.00312468
0.065613
0.00321404
0.0658359
0.00332565
0.0660763
0.00345907
0.0663381
0.00361347
0.0666252
0.00378763
0.0669421
0.00397972
0.0672932
0.00418727
0.0676831
0.00440693
0.0681163
0.00463435
0.0685971
0.00486402
0.0691289
0.00508908
0.0697139
0.00530131
0.0703526
0.00549114
0.071043
0.00564786
0.0717798
0.00576008
0.00581672
0.072554
0.0648507
0.00278497
0.0650591
0.0028048
0.0652724
0.00284444
0.0654933
0.00290385
0.0657246
0.00298283
0.0659693
0.00308102
0.0662307
0.00319778
0.0665122
0.00333214
0.0668173
0.00348273
0.0671496
0.00364763
0.0675128
0.00382432
0.0679105
0.00400956
0.068346
0.00419923
0.0688222
0.0043883
0.0693411
0.00457072
0.0699037
0.0047394
0.0705094
0.00488638
0.0711553
0.00500298
0.0718364
0.00508033
0.00510965
0.072545
0.0648705
0.00255924
0.0650988
0.00257667
0.0653318
0.00261148
0.0655723
0.00266349
0.0658228
0.00273243
0.0660861
0.00281781
0.0663651
0.00291888
0.0666628
0.00303459
0.0669822
0.00316351
0.0673263
0.00330374
0.0676981
0.00345283
0.0681002
0.00360774
0.0685351
0.00376471
0.0690046
0.00391925
0.0695098
0.00406609
0.0700507
0.00419924
0.070626
0.00431208
0.0712326
0.00439759
0.0718657
0.00444858
0.00445834
0.0725188
0.0648879
0.00231597
0.0651336
0.00233109
0.0653839
0.00236123
0.0656412
0.00240619
0.0659082
0.0024656
0.0661872
0.00253891
0.0664808
0.00262535
0.0667917
0.00272385
0.0671224
0.002833
0.0674754
0.00295098
0.067853
0.00307553
0.0682572
0.00320386
0.0686896
0.00333263
0.0691514
0.0034579
0.0696429
0.00357516
0.0701635
0.00367938
0.0707115
0.0037651
0.0712836
0.00382662
0.0718755
0.00385826
0.00385448
0.0724811
0.064903
0.0020577
0.0651637
0.00207057
0.0654288
0.00209625
0.0657006
0.00213448
0.0659815
0.00218488
0.0662736
0.00224691
0.0665793
0.00231978
0.0669009
0.00240247
0.0672404
0.00249365
0.0676
0.00259166
0.0679813
0.00269446
0.0683859
0.00279955
0.0688149
0.00290404
0.0692687
0.00300455
0.0697472
0.00309728
0.0702493
0.00317805
0.070773
0.00324239
0.0713152
0.00328568
0.0718717
0.00330329
0.00329093
0.0724371
0.0649159
0.00178645
0.0651894
0.00179724
0.065467
0.00181869
0.0657511
0.0018506
0.0660435
0.00189257
0.0663465
0.00194408
0.066662
0.0020044
0.0669921
0.00207261
0.0673384
0.00214749
0.0677027
0.00222758
0.0680864
0.00231108
0.0684904
0.00239586
0.0689154
0.00247944
0.0693614
0.00255899
0.0698279
0.00263136
0.0703136
0.00269314
0.0708163
0.0027407
0.0713328
0.00277033
0.0718594
0.0027784
0.00276135
0.0723908
0.0649267
0.00150453
0.0652108
0.0015133
0.065499
0.00153076
0.065793
0.00155669
0.066095
0.00159074
0.0664068
0.00163245
0.0667302
0.00168118
0.0670669
0.00173609
0.0674185
0.00179615
0.0677862
0.00186011
0.0681712
0.00192645
0.068574
0.00199338
0.0689949
0.00205888
0.0694338
0.00212062
0.0698897
0.00217606
0.0703612
0.00222247
0.0708459
0.00225697
0.0713409
0.00227663
0.0718423
0.00227854
0.00226001
0.0723455
0.0649355
0.00121379
0.0652283
0.00122068
0.0655249
0.00123436
0.0658271
0.00125467
0.0661367
0.0012813
0.0664555
0.00131385
0.0667851
0.00135179
0.067127
0.00139444
0.0674825
0.00144095
0.0678526
0.00149029
0.0682381
0.00154123
0.0686395
0.00159237
0.0690567
0.00164209
0.0694892
0.00168855
0.0699361
0.0017298
0.0703957
0.0017637
0.0708656
0.00178804
0.0713428
0.00180059
0.0718238
0.00179916
0.00178161
0.072304
0.0649424
0.000916246
0.065242
0.000921319
0.0655452
0.000931415
0.0658537
0.000946373
0.0661693
0.000965974
0.0664935
0.000989904
0.0668278
0.00101775
0.0671735
0.00104898
0.0675318
0.00108295
0.0679035
0.00111889
0.0682892
0.00115586
0.0686892
0.00119282
0.0691032
0.00122856
0.0695305
0.00126174
0.06997
0.0012909
0.07042
0.0013145
0.0708781
0.00133094
0.0713414
0.00133858
0.0718062
0.00133581
0.00132116
0.0722685
0.0649474
0.000613607
0.0652521
0.000616968
0.0655601
0.000623621
0.0658733
0.00063347
0.0661932
0.00064636
0.0665213
0.000662079
0.066859
0.000680347
0.0672075
0.000700806
0.0675677
0.000723022
0.0679405
0.000746471
0.0683262
0.000770539
0.0687249
0.000794522
0.0691363
0.000817622
0.0695597
0.000838959
0.0699936
0.000857578
0.0704364
0.000872468
0.0708858
0.000882585
0.0713386
0.000886878
0.0717916
0.000884336
0.000873954
0.0722405
0.0649508
0.000307664
0.0652587
0.000309379
0.06557
0.000312679
0.0658862
0.000317564
0.0662089
0.000323956
0.0665396
0.000331746
0.0668795
0.000340793
0.0672297
0.000350916
0.0675912
0.000361895
0.0679646
0.00037347
0.0683502
0.000385334
0.068748
0.000397134
0.0691577
0.000408476
0.0695783
0.000418921
0.0700085
0.000428001
0.0704466
0.000435217
0.07089
0.000440059
0.0713361
0.000442014
0.0717812
0.000440594
0.000435468
0.0722213
0.0649525
0.065262
0.0655749
0.0658926
0.0662167
0.0665486
0.0668896
0.0672407
0.0676028
0.0679764
0.068362
0.0687594
0.0691681
0.0695874
0.0700157
0.0704514
0.070892
0.0713347
0.0717761
0.0722124
0.0682659
-0.041825
0.0678047
-0.0381566
0.0674066
-0.0342135
0.0670204
-0.0302221
0.0666554
-0.026006
0.0663311
-0.0215649
0.0660642
-0.016934
0.0658663
-0.0121551
0.0657443
-0.00727086
-0.00232323
0.069538
-0.0409373
0.0687149
-0.0373353
0.0678596
-0.03336
0.0670213
-0.0293857
0.0662844
-0.025271
0.0656791
-0.0209614
0.0652117
-0.0164685
0.0648811
-0.0118263
0.0646843
-0.00707577
-0.00225919
0.0699913
-0.0395311
0.0687857
-0.0361313
0.0677488
-0.032325
0.0667507
-0.0283896
0.0658395
-0.0243619
0.0650675
-0.0201915
0.0644607
-0.0158636
0.0640275
-0.0113951
0.0637689
-0.00681902
-0.00217572
0.070207
-0.0378136
0.0687051
-0.03463
0.0674653
-0.0310861
0.0663548
-0.0272802
0.0653481
-0.0233564
0.0644787
-0.0193235
0.0637811
-0.0151673
0.0632755
-0.0108909
0.0629711
-0.0065161
-0.00207712
0.0703209
-0.0359186
0.0686188
-0.0329285
0.0671752
-0.0296433
0.065934
-0.0260401
0.0648457
-0.0222693
0.063912
-0.0183911
0.0631572
-0.014414
0.0626048
-0.0103399
0.0622698
-0.00618255
-0.00196865
0.0703681
-0.033898
0.068527
-0.031087
0.0669198
-0.0280358
0.0655468
-0.0246672
0.0643729
-0.0210957
0.0633834
-0.0174021
0.0625878
-0.013619
0.0620046
-0.00975745
0.06165
-0.00582888
-0.00185359
0.0703672
-0.0317771
0.0684232
-0.0291426
0.0666943
-0.0263068
0.0652071
-0.0231801
0.0639492
-0.019838
0.0629052
-0.0163586
0.0620749
-0.0127893
0.0614691
-0.00915248
0.0611014
-0.00546208
-0.00173477
0.070333
-0.0295706
0.068308
-0.0271163
0.0664893
-0.0244869
0.064911
-0.021601
0.063578
-0.0185044
0.062482
-0.0152622
0.0616191
-0.0119263
0.0609943
-0.00852772
0.0606167
-0.0050849
-0.001613
0.0702769
-0.0272922
0.0681859
-0.025024
0.0662995
-0.0225995
0.0646512
-0.0199518
0.0632556
-0.0171082
0.0621125
-0.0141187
0.0612189
-0.0110325
0.0605763
-0.00788524
0.0601901
-0.00469898
-0.00148917
0.0702073
-0.0249526
0.0680619
-0.0228768
0.0661233
-0.0206591
0.0644216
-0.0182486
0.062976
-0.0156612
0.0617923
-0.012934
0.0608706
-0.01011
0.0602112
-0.00722532
0.0598167
-0.00430434
-0.001363
0.0701305
-0.0225627
0.0679403
-0.0206848
0.0659608
-0.0186779
0.0642185
-0.0165049
0.0627337
-0.0141751
0.0615164
-0.0117157
0.0605698
-0.00916269
0.0598946
-0.00654963
0.059492
-0.00390155
-0.00123484
0.0700517
-0.0201311
0.0678249
-0.0184558
0.065813
-0.0166639
0.0640395
-0.0147294
0.0625243
-0.0126581
0.0612799
-0.0104697
0.0603119
-0.00819345
0.0596223
-0.00585908
0.0592119
-0.00349064
-0.00110438
0.0699745
-0.0176665
0.0677183
-0.0161975
0.0656809
-0.0146245
0.0638834
-0.01293
0.0623447
-0.0111178
0.0610786
-0.00920216
0.0600927
-0.00720633
0.0593903
-0.00515579
0.0589727
-0.00307245
-0.000971965
0.0699022
-0.0151757
0.0676227
-0.0139158
0.0655653
-0.0125647
0.0637492
-0.0111117
0.0621924
-0.00955892
0.0609091
-0.00791702
0.0599084
-0.00620403
0.0591949
-0.00444111
0.0587707
-0.00264746
-0.000837483
0.0698373
-0.0126654
0.06754
-0.0116163
0.0654671
-0.0104897
0.0636366
-0.00927918
0.0620658
-0.00798613
0.0607689
-0.00661836
0.059756
-0.00518965
0.0590331
-0.00371703
0.0586031
-0.00221665
-0.000701301
0.0697818
-0.0101411
0.0674712
-0.00930353
0.0653867
-0.00840284
0.0635453
-0.00743548
0.0619635
-0.00640223
0.0606559
-0.00530869
0.059633
-0.00416513
0.0589022
-0.00298478
0.0584672
-0.00178064
-0.000563442
0.0697372
-0.00760788
0.0674176
-0.00698187
0.0653246
-0.00630774
0.063475
-0.00558361
0.0618848
-0.00480994
0.0605685
-0.00399047
0.0595376
-0.00313258
0.0588002
-0.00224589
0.0583609
-0.00134031
-0.000424163
0.0697048
-0.00507026
0.0673799
-0.00465488
0.0652814
-0.00420699
0.0634257
-0.00372568
0.061829
-0.00321096
0.0605058
-0.00266528
0.0594683
-0.00209323
0.0587253
-0.00150134
0.0582824
-0.000896167
-0.000283585
0.0696853
-0.00253254
0.0673587
-0.00232611
0.0652572
-0.00210338
0.0633974
-0.00186368
0.0617957
-0.00160707
0.060467
-0.00133452
0.059424
-0.0010485
0.0586765
-0.000752127
0.0582305
-0.000448974
-0.000141785
0.069681
0.067356
0.0652538
0.0633913
0.0617853
0.0604517
0.059404
0.0586526
0.0582043
)
;

boundaryField
{
    down
    {
        type            symmetryPlane;
        value           uniform 0;
    }
    right
    {
        type            calculated;
        value           nonuniform List<scalar> 
30
(
0.0663514
0.0664279
0.0665775
0.0667932
0.0670661
0.0673866
0.067746
0.0681372
0.0685538
0.0689883
0.0634614
0.0638374
0.0642126
0.0645829
0.0649444
0.0652939
0.0656282
0.065945
0.0662421
0.0665178
0.0667709
0.0670003
0.0672052
0.0673852
0.0675398
0.0676688
0.0677721
0.0678496
0.0679013
0.0679271
)
;
    }
    up
    {
        type            symmetryPlane;
        value           uniform 0;
    }
    left
    {
        type            calculated;
        value           nonuniform List<scalar> 
30
(
-0.0707107
-0.0707107
-0.0707107
-0.0707107
-0.0707107
-0.0707107
-0.0707107
-0.0707107
-0.0707107
-0.0707107
-0.0646446
-0.0646446
-0.0646446
-0.0646447
-0.0646446
-0.0646446
-0.0646446
-0.0646446
-0.0646447
-0.0646446
-0.0646446
-0.0646446
-0.0646446
-0.0646446
-0.0646446
-0.0646446
-0.0646447
-0.0646446
-0.0646446
-0.0646446
)
;
    }
    cylinder
    {
        type            symmetry;
        value           uniform 0;
    }
    defaultFaces
    {
        type            empty;
        value           nonuniform 0();
    }
}


// ************************************************************************* //
