/*--------------------------------*- C++ -*----------------------------------*\
| =========                 |                                                 |
| \\      /  F ield         | OpenFOAM: The Open Source CFD Toolbox           |
|  \\    /   O peration     | Version:  5.x                                   |
|   \\  /    A nd           | Web:      www.OpenFOAM.org                      |
|    \\/     M anipulation  |                                                 |
\*---------------------------------------------------------------------------*/
FoamFile
{
    version     2.0;
    format      ascii;
    class       volVectorField;
    location    "0";
    object      U;
}
// * * * * * * * * * * * * * * * * * * * * * * * * * * * * * * * * * * * * * //

dimensions      [0 1 -1 0 0 0 0];

internalField   nonuniform List<vector> 
2000
(
(1.12531 -0.947715 7.97528e-20)
(1.1137 -0.789068 0)
(1.10469 -0.666744 5.49023e-20)
(1.09758 -0.570404 2.99618e-20)
(1.0919 -0.493152 -8.29207e-20)
(1.08733 -0.43025 -1.4201e-20)
(1.08362 -0.378358 -8.3628e-21)
(1.08059 -0.335066 0)
(1.07812 -0.298556 -5.49529e-20)
(1.07608 -0.267301 0)
(1.27381 -0.925112 8.33954e-20)
(1.23766 -0.770161 -1.31248e-20)
(1.20976 -0.65072 -2.68098e-20)
(1.18781 -0.556678 -1.74345e-20)
(1.17024 -0.481292 -1.31843e-19)
(1.15598 -0.419927 -1.47432e-19)
(1.14425 -0.369318 -1.44802e-19)
(1.13451 -0.32711 -6.01791e-20)
(1.12636 -0.291567 -5.66954e-20)
(1.11955 -0.26139 -5.28911e-20)
(1.41701 -0.879632 -1.51421e-21)
(1.35716 -0.732203 -3.93554e-21)
(1.31104 -0.618581 -7.72085e-20)
(1.27476 -0.529135 -1.46677e-19)
(1.24572 -0.457438 -6.92094e-20)
(1.22213 -0.399076 -6.63147e-20)
(1.20267 -0.350937 -6.39277e-20)
(1.18641 -0.310793 -6.19354e-20)
(1.17261 -0.277042 6.20472e-20)
(1.16066 -0.248571 -6.06884e-20)
(1.55138 -0.812361 -2.67017e-21)
(1.46927 -0.676103 -3.47003e-21)
(1.40604 -0.571103 0)
(1.35632 -0.488446 -1.66884e-19)
(1.31654 -0.422181 -1.49046e-20)
(1.28422 -0.368214 0)
(1.25758 -0.323652 0)
(1.23532 -0.286398 0)
(1.21648 -0.254891 6.34475e-20)
(1.20028 -0.227918 -1.67546e-19)
(1.67357 -0.724933 4.82817e-20)
(1.57121 -0.603226 4.26217e-20)
(1.49241 -0.509446 4.2657e-20)
(1.43049 -0.435618 -1.20156e-19)
(1.38096 -0.376418 3.84862e-20)
(1.34074 -0.328177 3.69786e-20)
(1.30763 -0.288298 0)
(1.28003 -0.25489 3.46982e-20)
(1.25678 -0.22654 9.19523e-22)
(1.23699 -0.202159 4.59327e-21)
(1.78055 -0.619481 5.10137e-20)
(1.66044 -0.515359 4.93983e-20)
(1.56802 -0.435132 4.74248e-20)
(1.49542 -0.37197 -3.67361e-20)
(1.43737 -0.321311 4.99551e-20)
(1.39026 -0.280013 4.95635e-20)
(1.35153 -0.245849 0)
(1.31931 -0.217201 3.52909e-20)
(1.29226 -0.192868 -3.4361e-20)
(1.26935 -0.171937 3.75878e-20)
(1.86963 -0.498601 0)
(1.73475 -0.414665 0)
(1.63098 -0.349994 2.86942e-21)
(1.54949 -0.299077 3.59812e-21)
(1.48436 -0.258235 4.18441e-21)
(1.43153 -0.224932 4.6645e-21)
(1.38813 -0.197374 -1.01281e-20)
(1.35207 -0.174262 -1.08034e-20)
(1.32185 -0.154634 1.13827e-20)
(1.29631 -0.137771 4.64577e-20)
(1.9386 -0.365273 2.67239e-20)
(1.79227 -0.303629 0)
(1.67972 -0.256134 2.51003e-20)
(1.59135 -0.218741 1.20066e-26)
(1.52074 -0.188746 -2.37803e-20)
(1.46349 -0.164286 0)
(1.41647 -0.144047 0)
(1.37744 -0.127078 0)
(1.34475 -0.112678 8.23091e-21)
(1.31715 -0.100323 8.59593e-21)
(1.98571 -0.222802 2.69702e-20)
(1.83156 -0.184996 1.22573e-20)
(1.71301 -0.15587 2.32603e-20)
(1.61994 -0.13294 1.1014e-20)
(1.54559 -0.114548 -9.50932e-21)
(1.48532 -0.0995535 1.02615e-21)
(1.43583 -0.0871515 0)
(1.39476 -0.0767602 -9.46296e-21)
(1.36037 -0.0679515 -6.72108e-21)
(1.33134 -0.060406 2.61547e-21)
(2.00978 -0.0747182 0)
(1.85163 -0.0617048 1.25413e-20)
(1.73002 -0.0516789 0)
(1.63455 -0.0437877 1.09961e-20)
(1.55828 -0.0374622 1.03054e-20)
(1.49646 -0.0323112 -1.7933e-22)
(1.44571 -0.0280585 0)
(1.4036 -0.0245052 -9.49484e-21)
(1.36832 -0.0215054 -9.25497e-21)
(1.33855 -0.0189494 -2.27784e-22)
(0.101124 -0.0741444 0)
(0.257575 -0.0617817 -5.54301e-22)
(0.377904 -0.0522286 0)
(0.472347 -0.0446912 1.04016e-21)
(0.547757 -0.0386372 1.29707e-21)
(0.608865 -0.0337007 -4.11368e-21)
(0.659022 -0.0296247 -4.45438e-21)
(0.70066 -0.0262251 5.49673e-22)
(0.735585 -0.0233688 5.52341e-21)
(0.765163 -0.0209594 5.17537e-21)
(0.124372 -0.22063 -2.55575e-21)
(0.277031 -0.18384 3.28603e-22)
(0.394431 -0.155412 -2.91652e-21)
(0.486567 -0.13298 -1.15702e-21)
(0.560124 -0.11496 -5.70342e-21)
(0.619716 -0.100263 -8.18079e-21)
(0.668609 -0.0881226 0)
(0.709172 -0.0779902 9.03891e-22)
(0.743157 -0.0694665 8.6438e-22)
(0.771884 -0.0622577 0)
(0.170311 -0.361769 -5.2036e-21)
(0.315474 -0.301432 0)
(0.42709 -0.254809 -1.43227e-20)
(0.51467 -0.218017 2.35299e-27)
(0.584573 -0.188454 1.83058e-20)
(0.64118 -0.164333 0)
(0.687592 -0.144393 0)
(0.726053 -0.127733 0)
(0.758226 -0.113694 -3.91113e-20)
(0.785369 -0.101792 -4.06804e-20)
(0.237849 -0.494145 0)
(0.371986 -0.411701 6.6751e-21)
(0.475102 -0.347999 -3.52826e-27)
(0.555994 -0.297726 -1.23139e-20)
(0.620539 -0.257321 -1.4295e-20)
(0.67278 -0.224334 1.59006e-20)
(0.715571 -0.197037 6.88708e-20)
(0.750972 -0.174194 3.66186e-20)
(0.780504 -0.154906 -3.84432e-20)
(0.805318 -0.138517 -5.02951e-20)
(0.325375 -0.614533 -1.8764e-20)
(0.445214 -0.511958 -2.39571e-20)
(0.537314 -0.432713 -2.60135e-20)
(0.609551 -0.370169 3.56441e-21)
(0.667177 -0.319889 -4.28612e-20)
(0.713799 -0.278811 -4.5458e-20)
(0.751952 -0.244776 0)
(0.783454 -0.21623 -1.35413e-20)
(0.80963 -0.192047 1.32072e-20)
(0.83147 -0.17141 5.38439e-20)
(0.430789 -0.719987 -2.00645e-20)
(0.533391 -0.599752 -1.42279e-20)
(0.612223 -0.506881 -1.90436e-20)
(0.674048 -0.433587 5.53813e-20)
(0.723372 -0.374654 -1.68853e-20)
(0.763282 -0.326478 -1.60929e-20)
(0.795941 -0.286505 0)
(0.822877 -0.252887 -1.48682e-20)
(0.845178 -0.224267 -5.86547e-20)
(0.863606 -0.199654 -5.90289e-20)
(0.551553 -0.807908 4.68735e-21)
(0.634379 -0.672924 6.09015e-21)
(0.697997 -0.568687 0)
(0.747898 -0.48644 1.0806e-19)
(0.787735 -0.420311 2.6125e-20)
(0.820013 -0.366241 0)
(0.84649 -0.321335 0)
(0.868404 -0.283474 0)
(0.886604 -0.25106 -3.67172e-20)
(0.901613 -0.222869 1.42276e-19)
(0.684744 -0.876105 2.239e-21)
(0.745719 -0.729656 5.81856e-21)
(0.792533 -0.616604 5.22955e-20)
(0.829263 -0.527434 9.74227e-20)
(0.858625 -0.455771 4.73478e-20)
(0.882496 -0.397204 4.55399e-20)
(0.902216 -0.348584 4.40359e-20)
(0.918771 -0.307582 4.27652e-20)
(0.932897 -0.272391 -3.90144e-20)
(0.945109 -0.241504 3.79327e-20)
(0.827114 -0.922852 -6.50415e-20)
(0.864686 -0.768517 1.65287e-20)
(0.8935 -0.649425 3.121e-20)
(0.916107 -0.555539 1.87577e-20)
(0.934213 -0.480146 1.03508e-19)
(0.949006 -0.418615 1.25618e-19)
(0.961365 -0.36766 1.24348e-19)
(0.97201 -0.324885 4.52205e-20)
(0.981659 -0.288468 4.64521e-20)
(0.991278 -0.256902 6.71578e-20)
(0.975178 -0.946937 -7.33671e-20)
(0.988357 -0.788501 0)
(0.99841 -0.666294 -6.26164e-20)
(1.00628 -0.570006 -3.98417e-20)
(1.0126 -0.492751 7.8139e-20)
(1.01779 -0.429803 4.14997e-21)
(1.02217 -0.377847 -2.01001e-21)
(1.02594 -0.334561 0)
(1.02916 -0.298391 4.85336e-20)
(1.03164 -0.268562 0)
(0.789673 -0.018558 0)
(0.811592 -0.0158415 5.49223e-21)
(0.830426 -0.0135602 -5.21303e-25)
(0.84665 -0.0116347 -5.72684e-21)
(0.860658 -0.0100056 0)
(0.872783 -0.00862507 -5.91018e-21)
(0.883302 -0.0074531 -5.98166e-21)
(0.89245 -0.00645451 0)
(0.900421 -0.00559785 0)
(0.90737 -0.00485511 -1.82443e-24)
(0.913425 -0.00420259 0)
(0.918682 -0.00362046 0)
(0.923218 -0.00309322 0)
(0.92709 -0.00260842 0)
(0.930345 -0.00215675 1.57594e-21)
(0.933014 -0.00173056 1.58047e-21)
(0.935123 -0.00132393 0)
(0.936689 -0.000931498 7.93396e-22)
(0.937723 -0.000548747 7.94273e-22)
(0.938229 -0.000170879 0)
(0.795464 -0.0552613 0)
(0.816334 -0.0472321 5.94983e-23)
(0.834358 -0.0404482 0)
(0.849939 -0.0347183 -2.28169e-20)
(0.86344 -0.0298694 -2.31888e-20)
(0.875167 -0.0257619 2.16523e-23)
(0.885382 -0.0222771 1.19375e-20)
(0.894303 -0.0193082 3.4395e-24)
(0.902107 -0.0167592 1.20398e-23)
(0.908937 -0.0145453 1.22849e-20)
(0.914903 -0.0125956 -1.23702e-20)
(0.920091 -0.0108522 9.93631e-26)
(0.924569 -0.00927029 1.25082e-20)
(0.92839 -0.00781436 -6.29456e-21)
(0.931595 -0.00645782 -6.30652e-21)
(0.934219 -0.00517881 -1.46964e-23)
(0.936286 -0.00396012 -1.68126e-23)
(0.937816 -0.00278597 -3.17706e-21)
(0.938823 -0.00164271 -3.18052e-21)
(0.939315 -0.000516057 -2.27225e-23)
(0.807309 -0.0908075 -1.25442e-22)
(0.826146 -0.0777412 1.1093e-22)
(0.842522 -0.0666071 -8.32166e-23)
(0.856774 -0.0572077 0)
(0.869216 -0.0492595 2.30993e-20)
(0.880117 -0.0425366 2.34189e-20)
(0.889703 -0.0368396 0)
(0.898157 -0.0319843 8.99332e-24)
(0.905618 -0.0278051 2.43483e-23)
(0.912192 -0.0241598 -2.45165e-20)
(0.917959 -0.0209338 -4.94099e-20)
(0.922984 -0.0180366 -2.48535e-20)
(0.927319 -0.0153996 6.49234e-24)
(0.931009 -0.0129698 -1.41869e-24)
(0.934095 -0.0107066 1.4679e-23)
(0.936609 -0.00857668 -6.3475e-21)
(0.93858 -0.00655231 -1.26984e-20)
(0.940032 -0.00460816 -6.36563e-21)
(0.94098 -0.00272117 1.62239e-21)
(0.941437 -0.000867417 1.60417e-21)
(0.824992 -0.124438 4.1257e-20)
(0.840779 -0.10676 8.5242e-20)
(0.854671 -0.0915107 8.74014e-20)
(0.866932 -0.0786714 4.4674e-20)
(0.877811 -0.0678441 7.15306e-23)
(0.88752 -0.0587122 -6.82642e-23)
(0.896221 -0.0509795 4.73392e-20)
(0.904021 -0.0443712 7.16169e-20)
(0.910992 -0.0386495 2.4149e-20)
(0.91718 -0.0336217 2.4408e-20)
(0.922625 -0.0291406 4.93237e-20)
(0.927367 -0.0250951 2.48295e-20)
(0.931446 -0.0214027 -3.53008e-24)
(0.934903 -0.0179993 -1.26174e-20)
(0.937778 -0.0148344 -1.26341e-20)
(0.940105 -0.0118649 1.27088e-20)
(0.941918 -0.009053 1.28023e-20)
(0.943242 -0.00636352 0)
(0.944098 -0.00376346 -4.0256e-23)
(0.9445 -0.00121881 3.1114e-23)
(0.848452 -0.155262 8.04772e-20)
(0.860175 -0.133637 4.23195e-20)
(0.870712 -0.114632 4.28135e-20)
(0.880351 -0.0987218 0)
(0.889243 -0.0853696 2.13996e-22)
(0.897489 -0.0741347 4.60552e-20)
(0.905114 -0.0645938 9.35771e-20)
(0.912095 -0.0563755 9.48904e-20)
(0.918401 -0.049186 4.79875e-20)
(0.924017 -0.0428065 -6.68931e-23)
(0.92895 -0.0370798 0)
(0.933227 -0.03189 2.91395e-23)
(0.936885 -0.0271499 0)
(0.939968 -0.0227883 -2.25829e-24)
(0.942517 -0.0187457 0)
(0.94457 -0.014968 0)
(0.946159 -0.0114062 4.13336e-23)
(0.947311 -0.00801316 6.41246e-21)
(0.948046 -0.00474492 3.14302e-21)
(0.948377 -0.00155677 -3.21253e-21)
(0.877574 -0.182256 0)
(0.88423 -0.157634 4.52822e-22)
(0.890576 -0.135468 8.45211e-20)
(0.897129 -0.117086 8.55953e-20)
(0.903804 -0.101711 -2.62435e-22)
(0.910431 -0.0887216 0)
(0.916787 -0.0775658 4.63859e-20)
(0.922686 -0.0678207 -5.15694e-22)
(0.928016 -0.0591898 -4.77337e-20)
(0.932736 -0.0514681 -8.96388e-23)
(0.936856 -0.0445111 -6.5702e-23)
(0.940409 -0.0382061 -4.4025e-23)
(0.943439 -0.0324616 0)
(0.945991 -0.0271957 -2.53012e-20)
(0.948102 -0.0223355 9.81081e-23)
(0.949805 -0.0178123 2.55175e-20)
(0.951123 -0.0135626 4.04135e-23)
(0.952076 -0.00952577 5.41722e-23)
(0.952675 -0.00564603 -3.22647e-21)
(0.952928 -0.00186748 -3.22763e-21)
(0.912054 -0.204248 7.54565e-20)
(0.912776 -0.177955 0)
(0.914466 -0.153742 -4.46443e-22)
(0.917902 -0.133751 8.78174e-24)
(0.922312 -0.116844 8.81968e-24)
(0.927052 -0.102298 2.71172e-22)
(0.931666 -0.0895673 2.27677e-22)
(0.935911 -0.0782905 4.66385e-20)
(0.939704 -0.0682312 4.71946e-20)
(0.943048 -0.0592177 -4.84236e-20)
(0.945979 -0.0511137 -4.87897e-20)
(0.948535 -0.0437976 9.05195e-24)
(0.950753 -0.037161 2.51181e-20)
(0.952657 -0.0311021 5.05243e-20)
(0.954263 -0.0255285 2.542e-20)
(0.955582 -0.0203538 -8.70355e-24)
(0.956618 -0.0154991 1.29135e-20)
(0.957371 -0.0108905 2.59172e-20)
(0.957841 -0.00646113 1.29013e-20)
(0.958024 -0.00214481 -7.05786e-23)
(0.950972 -0.22036 0)
(0.945796 -0.194145 7.72876e-20)
(0.943529 -0.16975 7.79331e-20)
(0.944104 -0.148797 4.27287e-22)
(0.945718 -0.130417 -1.74473e-23)
(0.947579 -0.114209 3.09849e-22)
(0.949379 -0.0998513 -1.75027e-23)
(0.951062 -0.0871024 0)
(0.952652 -0.0757651 1.79221e-22)
(0.954179 -0.0656603 1.44871e-22)
(0.955655 -0.0566241 -1.31745e-22)
(0.957073 -0.048503 -1.76241e-23)
(0.958413 -0.041159 0)
(0.959651 -0.034466 0)
(0.96076 -0.0283119 1.78311e-23)
(0.961714 -0.0225952 2.57712e-20)
(0.962489 -0.0172247 2.5808e-20)
(0.963066 -0.0121171 1.94905e-23)
(0.963428 -0.00719729 6.50608e-21)
(0.963561 -0.00239246 6.45552e-21)
(0.99171 -0.231845 6.92514e-20)
(0.983942 -0.207464 0)
(0.979395 -0.18392 0)
(0.975851 -0.161442 8.10711e-20)
(0.972602 -0.141194 1.65516e-19)
(0.969852 -0.123313 -1.9997e-21)
(0.967745 -0.107582 -8.7615e-20)
(0.966309 -0.0937343 0)
(0.965485 -0.0815125 0)
(0.965173 -0.0706776 0)
(0.965257 -0.0610179 -2.32172e-22)
(0.965623 -0.0523455 -4.51758e-23)
(0.966172 -0.0444978 -5.02006e-20)
(0.966816 -0.0373323 -5.02833e-20)
(0.967482 -0.030725 -2.56743e-20)
(0.968111 -0.0245665 -2.57426e-20)
(0.968653 -0.0187597 0)
(0.969073 -0.0132172 1.10364e-23)
(0.969343 -0.00786124 3.4302e-23)
(0.969445 -0.00261659 0)
(1.02401 -0.241287 3.90469e-22)
(1.01395 -0.218338 7.03384e-20)
(1.00494 -0.195067 7.11722e-20)
(0.996187 -0.171195 0)
(0.989221 -0.14943 -8.07831e-20)
(0.983997 -0.130308 2.47411e-21)
(0.980202 -0.113618 8.45068e-20)
(0.977547 -0.0990211 0)
(0.975784 -0.0861881 -4.60734e-20)
(0.974704 -0.0748322 9.65872e-22)
(0.974134 -0.0647087 4.73337e-20)
(0.973932 -0.0556098 7.68302e-23)
(0.973982 -0.0473586 0)
(0.974192 -0.0398038 5.09077e-20)
(0.974486 -0.0328148 2.5221e-20)
(0.974804 -0.0262783 -2.57831e-20)
(0.975102 -0.0200943 2.61904e-20)
(0.975345 -0.0141741 3.93737e-20)
(0.975509 -0.00843835 1.3173e-20)
(0.975579 -0.00281264 0)
(1.05167 -0.235546 0)
(1.03261 -0.213683 0)
(1.01606 -0.191971 0)
(1.00333 -0.169996 0)
(0.994566 -0.14953 0)
(0.988814 -0.131183 0)
(0.985135 -0.114932 0)
(0.982854 -0.100563 0)
(0.981509 -0.0878216 0)
(0.980788 -0.076467 0)
(0.980476 -0.0662833 0)
(0.980425 -0.0570821 0)
(0.980529 -0.048699 0)
(0.980717 -0.0409918 0)
(0.980938 -0.0338357 0)
(0.981158 -0.0271219 0)
(0.981356 -0.0207535 0)
(0.981515 -0.0146442 0)
(0.981626 -0.00871547 0)
(0.981683 -0.00289418 0)
(1.07467 -0.213598 0)
(1.05315 -0.195044 0)
(1.03599 -0.176887 0)
(1.02256 -0.158914 0)
(1.01247 -0.141745 0)
(1.00508 -0.125817 0)
(0.999747 -0.111283 0)
(0.995941 -0.0981187 0)
(0.993245 -0.0862198 0)
(0.991352 -0.0754508 0)
(0.990039 -0.0656697 0)
(0.989139 -0.0567402 0)
(0.988532 -0.0485354 0)
(0.988131 -0.0409397 0)
(0.987873 -0.0338483 0)
(0.987711 -0.0271662 0)
(0.987614 -0.0208072 0)
(0.987558 -0.0146923 0)
(0.987528 -0.00874819 0)
(0.987516 -0.00290503 0)
(1.09065 -0.189778 0)
(1.06932 -0.176012 0)
(1.05219 -0.161622 0)
(1.03847 -0.147032 0)
(1.02766 -0.132721 0)
(1.01928 -0.119062 0)
(1.01283 -0.106266 0)
(1.00792 -0.0944112 0)
(1.00418 -0.08349 0)
(1.00134 -0.0734478 0)
(0.999187 -0.0642055 0)
(0.997559 -0.0556743 0)
(0.996329 -0.0477632 0)
(0.995404 -0.0403839 0)
(0.994711 -0.0334518 0)
(0.9942 -0.0268877 0)
(0.99383 -0.020617 0)
(0.993574 -0.0145699 0)
(0.993413 -0.00867985 0)
(0.993336 -0.00288299 0)
(1.10085 -0.16731 0)
(1.08131 -0.157605 0)
(1.06497 -0.146562 0)
(1.05147 -0.134874 0)
(1.04044 -0.123047 0)
(1.03153 -0.111446 0)
(1.0244 -0.100311 0)
(1.01872 -0.0897717 0)
(1.01421 -0.0798829 0)
(1.01064 -0.0706462 0)
(1.00781 -0.0620313 0)
(1.00558 -0.053989 0)
(1.00382 -0.0464601 0)
(1.00244 -0.0393813 0)
(1.00137 -0.0326879 0)
(1.00055 -0.0263161 0)
(0.999931 -0.0202037 0)
(0.999495 -0.0142906 0)
(0.999215 -0.00851841 0)
(0.999079 -0.00283018 0)
(1.10751 -0.147389 0)
(1.09007 -0.14054 0)
(1.07492 -0.132147 0)
(1.06199 -0.122858 0)
(1.05109 -0.113148 0)
(1.04201 -0.103368 0)
(1.03451 -0.0937608 0)
(1.02834 -0.0844836 0)
(1.0233 -0.075625 0)
(1.01919 -0.067224 0)
(1.01584 -0.0592854 0)
(1.01313 -0.0517909 0)
(1.01094 -0.0447076 0)
(1.00918 -0.0379938 0)
(1.00778 -0.0316028 0)
(1.00668 -0.0254853 0)
(1.00586 -0.0195913 0)
(1.00526 -0.0138705 0)
(1.00487 -0.00827315 0)
(1.00468 -0.00274953 0)
(1.11208 -0.129936 0)
(1.09655 -0.125021 0)
(1.08265 -0.11863 0)
(1.07047 -0.111262 0)
(1.05993 -0.103321 0)
(1.05092 -0.095117 0)
(1.04328 -0.086882 0)
(1.03685 -0.0787778 0)
(1.03147 -0.0709102 0)
(1.02698 -0.0633402 0)
(1.02325 -0.0560961 0)
(1.02016 -0.0491822 0)
(1.01762 -0.042586 0)
(1.01555 -0.0362838 0)
(1.01388 -0.0302443 0)
(1.01256 -0.0244313 0)
(1.01155 -0.0188058 0)
(1.01081 -0.0133273 0)
(1.01034 -0.00795416 0)
(1.0101 -0.00264434 0)
(1.11528 -0.114546 0)
(1.10138 -0.110978 0)
(1.08868 -0.106088 0)
(1.0773 -0.100241 0)
(1.06724 -0.0937565 0)
(1.05845 -0.0868978 0)
(1.05085 -0.0798726 0)
(1.04432 -0.0728361 0)
(1.03874 -0.0658981 0)
(1.034 -0.0591308 0)
(1.03 -0.0525769 0)
(1.02664 -0.046256 0)
(1.02384 -0.0401708 0)
(1.02152 -0.0343115 0)
(1.01963 -0.0286595 0)
(1.01812 -0.0231898 0)
(1.01696 -0.0178736 0)
(1.01611 -0.0126788 0)
(1.01556 -0.00757187 0)
(1.01528 -0.00251804 0)
(1.11752 -0.10085 0)
(1.105 -0.0982565 0)
(1.09339 -0.0945042 0)
(1.0828 -0.0898579 0)
(1.07327 -0.0845658 0)
(1.0648 -0.0788449 0)
(1.05734 -0.0728745 0)
(1.05083 -0.0667958 0)
(1.04517 -0.0607152 0)
(1.0403 -0.0547081 0)
(1.03612 -0.0488247 0)
(1.03256 -0.0430942 0)
(1.02956 -0.0375297 0)
(1.02706 -0.032132 0)
(1.025 -0.0268923 0)
(1.02334 -0.0217951 0)
(1.02206 -0.0168198 0)
(1.02111 -0.0119425 0)
(1.0205 -0.00713652 0)
(1.02019 -0.00237399 0)
(1.11906 -0.0885617 0)
(1.10772 -0.0866929 0)
(1.09708 -0.0838134 0)
(1.08723 -0.0801194 0)
(1.07825 -0.0758034 0)
(1.07014 -0.0710412 0)
(1.0629 -0.0659843 0)
(1.05648 -0.0607573 0)
(1.05083 -0.0554585 0)
(1.04589 -0.0501618 0)
(1.04162 -0.0449195 0)
(1.03794 -0.0397663 0)
(1.0348 -0.0347219 0)
(1.03216 -0.0297944 0)
(1.02997 -0.0249826 0)
(1.02819 -0.0202784 0)
(1.02681 -0.0156682 0)
(1.02579 -0.0111347 0)
(1.02513 -0.00665775 0)
(1.02479 -0.00221537 0)
(1.12007 -0.0774616 0)
(1.10975 -0.0761392 0)
(1.09996 -0.0739364 0)
(1.09081 -0.0710021 0)
(1.08235 -0.0674866 0)
(1.07462 -0.0635317 0)
(1.06763 -0.0592636 0)
(1.06135 -0.0547903 0)
(1.05577 -0.0501996 0)
(1.05084 -0.0455606 0)
(1.04652 -0.0409251 0)
(1.04276 -0.0363294 0)
(1.03954 -0.031797 0)
(1.0368 -0.027341 0)
(1.03452 -0.0229654 0)
(1.03266 -0.0186677 0)
(1.0312 -0.01444 0)
(1.03013 -0.0102704 0)
(1.02942 -0.00614437 0)
(1.02906 -0.0020451 0)
(1.12069 -0.0673742 0)
(1.11125 -0.066465 0)
(1.10222 -0.0647902 0)
(1.09368 -0.0624652 0)
(1.08572 -0.0596085 0)
(1.07837 -0.0563346 0)
(1.07164 -0.0527478 0)
(1.06554 -0.0489401 0)
(1.06006 -0.0449886 0)
(1.05517 -0.0409558 0)
(1.05085 -0.0368906 0)
(1.04706 -0.0328289 0)
(1.04379 -0.0287958 0)
(1.04099 -0.024807 0)
(1.03864 -0.0208702 0)
(1.03672 -0.0169869 0)
(1.03521 -0.0131535 0)
(1.03409 -0.00936268 0)
(1.03335 -0.00560417 0)
(1.03298 -0.00186578 0)
(1.12102 -0.0581548 0)
(1.11234 -0.0575556 0)
(1.10396 -0.0562934 0)
(1.09599 -0.0544592 0)
(1.08848 -0.0521472 0)
(1.08148 -0.0494496 0)
(1.07502 -0.0464526 0)
(1.06911 -0.0432333 0)
(1.06375 -0.0398584 0)
(1.05893 -0.0363833 0)
(1.05464 -0.0328523 0)
(1.05086 -0.0292997 0)
(1.04756 -0.0257503 0)
(1.04472 -0.0222209 0)
(1.04234 -0.0187214 0)
(1.04037 -0.0152561 0)
(1.03883 -0.0118245 0)
(1.03767 -0.00842259 0)
(1.03691 -0.00504381 0)
(1.03653 -0.00167961 0)
(1.12115 -0.0496794 0)
(1.11311 -0.0493086 0)
(1.10531 -0.0483682 0)
(1.09783 -0.0469306 0)
(1.09073 -0.0450709 0)
(1.08406 -0.0428636 0)
(1.07785 -0.0403792 0)
(1.07213 -0.0376819 0)
(1.06691 -0.0348282 0)
(1.06217 -0.0318663 0)
(1.05793 -0.0288355 0)
(1.05417 -0.0257671 0)
(1.05086 -0.0226846 0)
(1.04802 -0.0196048 0)
(1.0456 -0.0165385 0)
(1.04362 -0.0134915 0)
(1.04204 -0.0104656 0)
(1.04087 -0.00745938 0)
(1.04009 -0.00446887 0)
(1.03971 -0.00148847 0)
(1.12113 -0.0418384 0)
(1.11365 -0.0416305 0)
(1.10634 -0.0409397 0)
(1.09929 -0.0398235 0)
(1.09255 -0.0383418 0)
(1.08617 -0.0365543 0)
(1.0802 -0.0345182 0)
(1.07466 -0.0322864 0)
(1.06957 -0.0299061 0)
(1.06493 -0.027418 0)
(1.06074 -0.0248563 0)
(1.05701 -0.0222485 0)
(1.05372 -0.0196162 0)
(1.05087 -0.0169751 0)
(1.04845 -0.0143361 0)
(1.04645 -0.0117057 0)
(1.04486 -0.00908708 0)
(1.04367 -0.00648042 0)
(1.04288 -0.00388381 0)
(1.04249 -0.00129383 0)
(1.12103 -0.0345322 0)
(1.11401 -0.0344348 0)
(1.10712 -0.0339361 0)
(1.10043 -0.0330814 0)
(1.094 -0.031918 0)
(1.08788 -0.0304932 0)
(1.08212 -0.0288527 0)
(1.07675 -0.0270393 0)
(1.07178 -0.0250915 0)
(1.06722 -0.0230431 0)
(1.0631 -0.0209229 0)
(1.05941 -0.0187544 0)
(1.05614 -0.0165565 0)
(1.0533 -0.0143433 0)
(1.05087 -0.012125 0)
(1.04887 -0.00990819 0)
(1.04727 -0.00769655 0)
(1.04607 -0.00549137 0)
(1.04528 -0.0032921 0)
(1.04488 -0.00109689 0)
(1.12088 -0.0276683 0)
(1.11424 -0.0276401 0)
(1.1077 -0.0272882 0)
(1.1013 -0.0266478 0)
(1.09514 -0.0257553 0)
(1.08924 -0.0246474 0)
(1.08366 -0.0233599 0)
(1.07842 -0.0219263 0)
(1.07356 -0.0203772 0)
(1.0691 -0.0187399 0)
(1.06503 -0.0170376 0)
(1.06137 -0.0152897 0)
(1.05813 -0.013512 0)
(1.0553 -0.0117166 0)
(1.05288 -0.00991238 0)
(1.05088 -0.00810544 0)
(1.04927 -0.00629952 0)
(1.04808 -0.00449639 0)
(1.04728 -0.00269631 0)
(1.04688 -0.000898496 0)
(1.12073 -0.0211598 0)
(1.11439 -0.0211685 0)
(1.10811 -0.0209285 0)
(1.10196 -0.0204659 0)
(1.096 -0.0198076 0)
(1.09028 -0.018981 0)
(1.08484 -0.0180129 0)
(1.07973 -0.0169286 0)
(1.07496 -0.0157512 0)
(1.07056 -0.0145016 0)
(1.06655 -0.0131977 0)
(1.06293 -0.0118548 0)
(1.05971 -0.0104852 0)
(1.0569 -0.00909866 0)
(1.05448 -0.00770242 0)
(1.05248 -0.00630166 0)
(1.05088 -0.0048997 0)
(1.04968 -0.00349834 0)
(1.04888 -0.00209826 0)
(1.04848 -0.000699281 0)
(1.12059 -0.0149237 0)
(1.11448 -0.0149454 0)
(1.1084 -0.0147913 0)
(1.10243 -0.0144793 0)
(1.09662 -0.0140279 0)
(1.09103 -0.013456 0)
(1.08571 -0.012782 0)
(1.08069 -0.0120237 0)
(1.07599 -0.0111973 0)
(1.07165 -0.0103174 0)
(1.06768 -0.00939688 0)
(1.06409 -0.00844656 0)
(1.06089 -0.00747537 0)
(1.05808 -0.00649039 0)
(1.05568 -0.00549699 0)
(1.05368 -0.00449908 0)
(1.05208 -0.00349925 0)
(1.05088 -0.00249903 0)
(1.05008 -0.00149912 0)
(1.04968 -0.000499646 0)
(1.12049 -0.00888059 0)
(1.11452 -0.00889799 0)
(1.10858 -0.00881182 0)
(1.10272 -0.00863184 0)
(1.09702 -0.0083685 0)
(1.09152 -0.00803271 0)
(1.08628 -0.00763534 0)
(1.08131 -0.00718678 0)
(1.07667 -0.00669671 0)
(1.07236 -0.00617384 0)
(1.06842 -0.00562583 0)
(1.06485 -0.0050592 0)
(1.06167 -0.00447933 0)
(1.05887 -0.00389052 0)
(1.05648 -0.00329608 0)
(1.05448 -0.00269842 0)
(1.05288 -0.00209919 0)
(1.05168 -0.00149939 0)
(1.05088 -0.000899552 0)
(1.05048 -0.000299829 0)
(1.12044 -0.00294875 0)
(1.11454 -0.00295459 0)
(1.10866 -0.00292674 0)
(1.10287 -0.00286795 0)
(1.09722 -0.00278144 0)
(1.09177 -0.00267077 0)
(1.08656 -0.00253948 0)
(1.08162 -0.00239104 0)
(1.077 -0.00222864 0)
(1.07272 -0.00205519 0)
(1.06879 -0.00187323 0)
(1.06523 -0.00168494 0)
(1.06206 -0.00149212 0)
(1.05927 -0.00129621 0)
(1.05687 -0.00109833 0)
(1.05488 -0.000899295 0)
(1.05328 -0.000699662 0)
(1.05208 -0.000499787 0)
(1.05128 -0.000299859 0)
(1.05088 -9.99486e-05 0)
(1.31245 -0.0163271 -2.38595e-22)
(1.30649 -0.0526919 0)
(1.29475 -0.0878579 -2.18983e-21)
(1.27743 -0.121104 -1.3795e-20)
(1.25483 -0.151775 -3.16502e-20)
(1.22728 -0.179261 0)
(1.19518 -0.2029 -4.41227e-20)
(1.1591 -0.221538 0)
(1.12025 -0.231292 -5.3607e-20)
(1.08052 -0.236389 1.82616e-21)
(1.29108 -0.0137085 -2.19407e-22)
(1.28622 -0.0449524 2.17757e-21)
(1.27669 -0.0753267 2.16067e-21)
(1.26283 -0.104365 -2.37696e-20)
(1.24505 -0.131708 -1.03671e-20)
(1.22376 -0.157049 4.13036e-21)
(1.19919 -0.179863 0)
(1.17091 -0.198484 -4.65449e-20)
(1.13856 -0.208789 0)
(1.10359 -0.215701 -5.73683e-20)
(1.27263 -0.0115695 -1.56284e-23)
(1.26868 -0.0385989 0)
(1.26093 -0.0650466 -2.13336e-21)
(1.24961 -0.0905948 -2.52862e-20)
(1.23495 -0.114932 -1.52616e-20)
(1.21705 -0.137582 0)
(1.19568 -0.157518 3.60296e-20)
(1.17059 -0.172733 -5.28756e-20)
(1.14324 -0.182027 0)
(1.11562 -0.191741 -6.02065e-20)
(1.25657 -0.00982044 1.28622e-21)
(1.25333 -0.0333505 3.4241e-21)
(1.24688 -0.0564759 0)
(1.23732 -0.0789147 -1.16226e-20)
(1.22466 -0.100255 4.1386e-21)
(1.20877 -0.11977 -1.36427e-25)
(1.18954 -0.136293 4.18631e-20)
(1.16752 -0.148764 3.94248e-21)
(1.14472 -0.158787 -5.01598e-20)
(1.12222 -0.170258 0)
(1.24248 -0.00837241 0)
(1.23974 -0.028937 4.54567e-21)
(1.23419 -0.0491561 -3.71881e-21)
(1.2258 -0.068714 2.07235e-21)
(1.2145 -0.0870964 4.10623e-21)
(1.20021 -0.103533 -4.0556e-21)
(1.18318 -0.11724 -3.76044e-20)
(1.16441 -0.128352 -2.81664e-24)
(1.14533 -0.139263 -1.04274e-19)
(1.12611 -0.150994 5.32935e-20)
(1.23006 -0.00714914 1.87717e-22)
(1.22766 -0.0251405 2.07887e-21)
(1.22272 -0.0427654 -7.37908e-21)
(1.21519 -0.0596675 -2.05608e-21)
(1.205 -0.0753225 -1.25693e-20)
(1.19227 -0.0891349 0)
(1.17748 -0.10086 -3.50274e-20)
(1.1616 -0.1113 3.92547e-21)
(1.14533 -0.122391 -3.69613e-21)
(1.12849 -0.133488 3.99524e-21)
(1.21909 -0.00609463 1.92753e-22)
(1.21692 -0.0218111 -1.01277e-21)
(1.21245 -0.0371091 -3.64818e-21)
(1.20563 -0.0516233 -5.21736e-21)
(1.19648 -0.0649115 -2.08604e-20)
(1.18525 -0.0766422 -1.4514e-20)
(1.17252 -0.0869786 3.96443e-21)
(1.15895 -0.0968582 -2.23518e-24)
(1.14482 -0.107476 4.38292e-20)
(1.12987 -0.11756 -5.25813e-20)
(1.2094 -0.00517259 0)
(1.20743 -0.0188556 1.95119e-21)
(1.20335 -0.0320765 5.35144e-25)
(1.19716 -0.0444976 -1.59822e-20)
(1.18898 -0.055806 -2.34876e-20)
(1.17915 -0.0659088 -5.31228e-21)
(1.16814 -0.0751727 -2.00212e-20)
(1.15639 -0.0843873 0)
(1.14393 -0.0941492 0)
(1.13058 -0.103121 0)
(1.20088 -0.00436122 0)
(1.19908 -0.016219 2.12461e-21)
(1.19535 -0.0275991 2.02408e-21)
(1.18975 -0.0382166 -4.49787e-21)
(1.18247 -0.0478891 -1.15361e-20)
(1.17384 -0.0566861 1.00857e-20)
(1.16424 -0.0650185 -1.65266e-20)
(1.1539 -0.0734479 3.90249e-21)
(1.14278 -0.0821902 0)
(1.1308 -0.0900761 2.12491e-20)
(1.19342 -0.00364751 1.01081e-21)
(1.19178 -0.0138665 2.12033e-21)
(1.18838 -0.0236241 2.68592e-21)
(1.18333 -0.0326971 -6.00831e-21)
(1.17684 -0.0410081 -3.98258e-21)
(1.16921 -0.0487103 -1.56765e-20)
(1.16073 -0.0561711 1.37825e-20)
(1.15151 -0.0637443 3.89515e-21)
(1.1415 -0.0714361 0)
(1.13069 -0.0783058 2.24212e-21)
(1.18693 -0.00302268 0)
(1.18544 -0.011772 7.41174e-22)
(1.18235 -0.0201015 5.21174e-21)
(1.17779 -0.0278474 0)
(1.17198 -0.0350025 0)
(1.16517 -0.0417458 -1.59818e-20)
(1.15757 -0.0483671 1.02279e-20)
(1.14924 -0.0550643 -3.88964e-21)
(1.14015 -0.0617429 -5.7887e-21)
(1.13034 -0.0676786 -2.20221e-20)
(1.18133 -0.0024792 0)
(1.17998 -0.00991098 2.09394e-21)
(1.17717 -0.0169802 2.51968e-21)
(1.17304 -0.0235731 1.98524e-21)
(1.1678 -0.0297223 3.95292e-21)
(1.16165 -0.0355967 -3.93118e-21)
(1.15474 -0.0414064 6.74223e-25)
(1.14713 -0.0472444 1.28588e-20)
(1.13881 -0.0529762 -1.92627e-21)
(1.12985 -0.0580594 1.91289e-21)
(1.17654 -0.00200958 0)
(1.17532 -0.00825865 -6.85967e-22)
(1.17277 -0.0142088 -1.98582e-21)
(1.16901 -0.0197846 -1.97925e-21)
(1.16423 -0.025036 0)
(1.1586 -0.030105 0)
(1.15225 -0.0351334 0)
(1.14522 -0.0401488 1.32073e-20)
(1.13753 -0.0450091 1.26966e-20)
(1.12927 -0.0493151 0)
(1.1725 -0.00160564 0)
(1.1714 -0.0067892 2.23936e-21)
(1.16906 -0.0117363 2.82209e-21)
(1.16561 -0.0163997 5.11934e-21)
(1.16121 -0.020832 3.93134e-21)
(1.156 -0.0251434 -2.70591e-22)
(1.15009 -0.0294231 -8.15991e-21)
(1.14352 -0.0336607 0)
(1.13635 -0.0377225 2.59069e-20)
(1.12867 -0.0413186 -1.01549e-20)
(1.16914 -0.00125898 -1.88763e-23)
(1.16815 -0.00547681 2.63368e-22)
(1.16599 -0.00951508 -1.10495e-21)
(1.16279 -0.0133459 -7.58375e-22)
(1.15869 -0.0170169 0)
(1.15382 -0.0206084 -1.50014e-22)
(1.14825 -0.0241717 -4.39921e-21)
(1.14206 -0.0276768 3.86607e-21)
(1.1353 -0.0310056 1.58146e-20)
(1.12809 -0.0339502 -7.42385e-21)
(1.16642 -0.000960809 -1.93325e-23)
(1.16551 -0.00429606 1.80128e-21)
(1.1635 -0.00750052 2.25518e-21)
(1.16051 -0.0105596 -7.90763e-22)
(1.15665 -0.0135123 0)
(1.15203 -0.016414 0)
(1.14674 -0.0192905 3.88261e-21)
(1.14083 -0.0221043 -3.2511e-21)
(1.1344 -0.0247558 8.73157e-22)
(1.12757 -0.0270978 5.20285e-21)
(1.16429 -0.000702696 0)
(1.16345 -0.00322299 1.79091e-21)
(1.16157 -0.00565269 5.10734e-22)
(1.15874 -0.0079859 -6.71049e-21)
(1.15507 -0.010252 -3.91143e-21)
(1.15064 -0.0124874 -3.896e-21)
(1.14555 -0.0147019 4.17453e-25)
(1.13987 -0.0168587 4.71476e-22)
(1.13368 -0.0188776 0)
(1.12712 -0.0206565 0)
(1.16272 -0.000476315 0)
(1.16193 -0.00223492 4.32829e-23)
(1.16014 -0.00393498 2.25309e-22)
(1.15744 -0.0055764 0)
(1.15391 -0.00717904 -2.50442e-22)
(1.14963 -0.00876516 -3.89292e-21)
(1.14469 -0.0103366 -4.57927e-21)
(1.13916 -0.0118621 -3.85823e-21)
(1.13315 -0.0132821 -5.75705e-21)
(1.12677 -0.014528 -1.90846e-21)
(1.16167 -0.000274271 0)
(1.16092 -0.00131078 4.63698e-23)
(1.15921 -0.00231511 -1.98053e-21)
(1.1566 -0.00328891 1.9584e-21)
(1.15317 -0.00424355 3.6354e-21)
(1.149 -0.0051912 7.28446e-23)
(1.14416 -0.00613077 3.11518e-21)
(1.13873 -0.0070412 -1.91706e-22)
(1.13281 -0.0078845 -3.83697e-21)
(1.12654 -0.0086197 0)
(1.16113 -8.94718e-05 0)
(1.16042 -0.000432292 1.96559e-21)
(1.15875 -0.00076481 -1.96577e-23)
(1.15621 -0.00108739 -1.95824e-21)
(1.15286 -0.00140371 0)
(1.14876 -0.00171759 8.45912e-23)
(1.14397 -0.00202819 3.87465e-21)
(1.13859 -0.00232788 3.63336e-21)
(1.13271 -0.0026034 0)
(1.12646 -0.00284083 0)
(1.07926 0.274822 0)
(1.08144 0.305535 -5.53357e-20)
(1.08404 0.34157 0)
(1.08718 0.384437 -1.07755e-19)
(1.091 0.435958 -1.05906e-19)
(1.0957 0.498546 -4.22452e-20)
(1.10153 0.575544 1.00916e-19)
(1.10886 0.671704 8.34222e-20)
(1.1182 0.793938 0)
(1.13031 0.952613 8.01318e-20)
(1.12182 0.268555 -5.24331e-20)
(1.12894 0.298242 -5.70368e-20)
(1.13734 0.333358 -6.05022e-20)
(1.14729 0.375175 -1.00241e-19)
(1.15922 0.425428 -1.06365e-19)
(1.17368 0.48647 -1.32483e-19)
(1.19149 0.561572 1.48177e-20)
(1.21374 0.65537 2.46602e-20)
(1.24205 0.774616 1.30613e-20)
(1.27881 0.929428 8.71119e-20)
(1.16233 0.255054 -6.0949e-20)
(1.17462 0.283219 6.23152e-20)
(1.18872 0.316652 -6.22232e-20)
(1.20524 0.356466 -6.42166e-20)
(1.22495 0.40428 -6.66043e-20)
(1.2488 0.462324 -6.95e-20)
(1.27812 0.53371 -1.47255e-19)
(1.31475 0.622855 -7.75073e-20)
(1.36134 0.736179 3.90878e-21)
(1.42185 0.88331 1.50409e-21)
(1.20156 0.233787 -1.6749e-19)
(1.21808 0.26056 6.36819e-20)
(1.23721 0.291832 0)
(1.25973 0.328812 0)
(1.28664 0.37308 0)
(1.31924 0.426733 1.47608e-20)
(1.35933 0.492666 -1.41864e-19)
(1.40941 0.574967 0)
(1.47313 0.679577 3.43893e-21)
(1.55589 0.815391 -1.07079e-26)
(1.23799 0.207518 -6.75116e-20)
(1.25806 0.231755 -6.81937e-20)
(1.28156 0.25992 0)
(1.30941 0.293092 0)
(1.34278 0.332698 3.70766e-20)
(1.38327 0.380628 3.85877e-20)
(1.4331 0.439475 -1.20483e-19)
(1.49538 0.512898 4.27673e-20)
(1.57464 0.606204 4.86668e-20)
(1.67763 0.727336 5.06891e-20)
(1.27013 0.176879 3.97007e-21)
(1.29326 0.197696 -3.44361e-20)
(1.32053 0.221874 0)
(1.35297 0.25031 0)
(1.39193 0.284215 2.61427e-20)
(1.43929 0.3252 2.89496e-20)
(1.4976 0.375486 -4.58988e-20)
(1.57054 0.438199 4.02836e-20)
(1.66337 0.517878 4.45901e-20)
(1.78403 0.621317 4.92459e-20)
(1.2969 0.14238 -1.16549e-20)
(1.32261 0.159149 -1.11583e-20)
(1.35301 0.17864 1.05887e-20)
(1.38924 0.201554 9.92633e-21)
(1.43283 0.228858 -4.57161e-21)
(1.48586 0.261844 -4.10127e-21)
(1.55122 0.302295 -3.5269e-21)
(1.63299 0.352726 -2.81288e-21)
(1.7371 0.41679 0)
(1.87244 0.499952 0)
(1.31756 0.104684 -8.3684e-21)
(1.34528 0.116956 -8.00908e-21)
(1.3781 0.131231 0)
(1.41726 0.14801 0)
(1.46442 0.167997 0)
(1.52182 0.192134 -1.78384e-20)
(1.5926 0.221722 -1.20202e-26)
(1.68118 0.258601 2.10367e-20)
(1.79399 0.305441 0)
(1.94066 0.366247 2.67535e-20)
(1.33159 0.064603 -2.50328e-21)
(1.36069 0.0720727 -1.16252e-20)
(1.39516 0.0807613 -9.46775e-21)
(1.4363 0.0909666 0)
(1.48587 0.103118 -9.79073e-22)
(1.54624 0.117784 -1.1317e-20)
(1.6207 0.135756 0)
(1.7139 0.158151 3.4939e-20)
(1.83261 0.186593 1.26831e-20)
(1.98697 0.223515 2.71492e-20)
(1.33864 0.023062 0)
(1.36843 0.0255501 -9.25784e-21)
(1.40373 0.0284319 -9.49782e-21)
(1.44587 0.0317996 0)
(1.49665 0.035801 1.5575e-22)
(1.5585 0.0406216 1.07592e-20)
(1.6348 0.0465206 5.99614e-23)
(1.73031 0.0538658 1.17176e-20)
(1.85199 0.0631913 1.25445e-20)
(2.01021 0.0752999 0)
(0.775098 0.0216617 5.80958e-29)
(0.744601 0.02401 -4.47727e-21)
(0.708782 0.0268167 5.57988e-22)
(0.666273 0.030177 4.50333e-21)
(0.615245 0.034225 4.15674e-21)
(0.553245 0.0391461 -2.4264e-21)
(0.476892 0.0451995 -1.60852e-21)
(0.381419 0.0527547 -5.59163e-22)
(0.259908 0.062349 -5.59373e-22)
(0.102024 0.0747851 0)
(0.781605 0.0643239 0)
(0.752001 0.0713555 8.81842e-22)
(0.717162 0.0797333 9.19915e-22)
(0.675764 0.0897497 0)
(0.626034 0.101806 8.26336e-21)
(0.565584 0.116456 9.09697e-21)
(0.49112 0.134471 0)
(0.397993 0.156954 -4.21659e-21)
(0.279455 0.185506 -3.13453e-21)
(0.125435 0.222525 -3.91144e-21)
(0.794682 0.105122 4.11403e-20)
(0.766741 0.116746 3.95318e-20)
(0.733787 0.130553 0)
(0.694559 0.147027 0)
(0.647375 0.16683 0)
(0.589975 0.190872 -1.0869e-20)
(0.519236 0.220423 -2.37733e-27)
(0.430744 0.257291 5.73322e-21)
(0.31809 0.304111 0)
(0.171703 0.364822 -5.24741e-21)
(0.814065 0.14297 4.03699e-20)
(0.788561 0.158999 3.88034e-20)
(0.758346 0.177986 -3.69475e-20)
(0.72227 0.200584 -6.94655e-20)
(0.678797 0.227697 -1.60328e-20)
(0.625854 0.260575 1.44098e-20)
(0.560572 0.300957 1.24096e-20)
(0.478882 0.351323 3.56039e-27)
(0.37487 0.415273 -6.72404e-21)
(0.239699 0.498195 0)
(0.839536 0.176809 6.5626e-20)
(0.817132 0.197029 1.34098e-20)
(0.790389 0.220858 0)
(0.758321 0.249112 0)
(0.719592 0.282926 1.67404e-20)
(0.672379 0.323864 1.30357e-20)
(0.614135 0.374106 2.78461e-20)
(0.541239 0.436743 -6.8847e-21)
(0.448415 0.516265 -1.10198e-20)
(0.32777 0.619379 -1.38615e-20)
(0.870932 0.205805 9.35986e-20)
(0.852065 0.229969 8.80537e-20)
(0.829317 0.258201 0)
(0.801928 0.291493 0)
(0.76881 0.331211 -1.62687e-20)
(0.728429 0.379217 -1.7052e-20)
(0.678621 0.43809 5.58715e-20)
(0.616292 0.511464 -1.92006e-20)
(0.536929 0.604611 -2.70656e-20)
(0.433774 0.725399 -2.51104e-20)
(0.908182 0.229583 1.43524e-19)
(0.892851 0.257316 -3.71833e-20)
(0.874314 0.289322 0)
(0.85206 0.32683 0)
(0.82524 0.371452 0)
(0.792616 0.425323 -2.62232e-20)
(0.752436 0.49136 6.37021e-20)
(0.702194 0.573659 0)
(0.638242 0.67814 -6.11244e-21)
(0.55512 0.813643 -5.98317e-27)
(0.950951 0.248624 3.84272e-20)
(0.938498 0.279053 -3.9481e-20)
(0.924128 0.313818 4.32094e-20)
(0.907337 0.354444 4.44561e-20)
(0.887388 0.402752 4.59391e-20)
(0.863297 0.461087 4.77299e-20)
(0.833729 0.532621 9.81588e-20)
(0.796817 0.621797 5.26598e-20)
(0.749861 0.735035 -5.83091e-21)
(0.688839 0.881925 -2.24367e-21)
(0.996399 0.264339 6.70946e-20)
(0.986582 0.295412 4.69116e-20)
(0.976775 0.331373 4.56569e-20)
(0.966 0.373743 6.80063e-20)
(0.953526 0.424357 7.37055e-20)
(0.938635 0.485624 1.04271e-19)
(0.920455 0.560846 -2.19619e-20)
(0.897812 0.65468 -3.37757e-20)
(0.869037 0.773878 -1.65367e-20)
(0.831644 0.928537 -6.96763e-20)
(1.03576 0.276239 0)
(1.03328 0.305485 4.89709e-20)
(1.03005 0.341155 0)
(1.02628 0.384007 1.05408e-19)
(1.0219 0.435596 1.03235e-19)
(1.01672 0.498249 3.41952e-20)
(1.01045 0.57529 -7.83434e-20)
(1.00268 0.671465 -6.298e-20)
(0.992829 0.793686 0)
(0.980022 0.952307 -7.3759e-20)
(0.995274 0.00666567 0)
(0.988131 0.00350294 -8.36959e-22)
(0.983131 0.00365182 -8.32723e-22)
(0.977927 0.00383511 0)
(0.972473 0.00405371 -1.64727e-21)
(0.966723 0.00430964 -1.63752e-21)
(0.960626 0.00460643 0)
(0.954127 0.00494953 0)
(0.947162 0.00534685 0)
(0.939657 0.00580934 0)
(0.93152 0.00635164 -7.14866e-25)
(0.92264 0.00699248 0)
(0.912878 0.00775506 0)
(0.902066 0.00866661 6.10852e-21)
(0.89 0.00975839 6.02658e-21)
(0.876435 0.0110651 0)
(0.861083 0.0126267 5.83374e-21)
(0.843604 0.0144899 5.38348e-25)
(0.823599 0.0167124 -5.57333e-21)
(0.800576 0.0193704 5.41558e-21)
(0.995451 0.0197087 8.37731e-24)
(0.988468 0.0104271 3.34832e-21)
(0.983553 0.0108767 3.33165e-21)
(0.978432 0.0114292 -5.21959e-24)
(0.97306 0.0120879 -3.96894e-24)
(0.96739 0.0128588 6.54726e-21)
(0.961373 0.0137524 6.50543e-21)
(0.954956 0.0147843 -1.29158e-20)
(0.948078 0.0159771 -2.11884e-24)
(0.94067 0.0173621 1.27152e-20)
(0.932649 0.0189813 -1.25745e-20)
(0.923916 0.0208899 5.4172e-24)
(0.914347 0.0231568 2.34725e-23)
(0.903789 0.0258646 -1.21823e-20)
(0.892054 0.0291089 2.68975e-23)
(0.878912 0.0329954 2.36608e-20)
(0.864093 0.0376433 2.32413e-20)
(0.847278 0.0431905 0)
(0.828099 0.0498061 6.35627e-23)
(0.806141 0.0576624 0)
(0.995803 0.0319021 -1.6763e-21)
(0.989148 0.0171119 -1.66951e-21)
(0.984407 0.0178679 6.66329e-21)
(0.979459 0.0187942 1.3265e-20)
(0.974263 0.0198977 6.59938e-21)
(0.968772 0.0211896 -1.85797e-24)
(0.962939 0.0226866 1.42383e-23)
(0.956711 0.0244136 -7.7421e-24)
(0.950033 0.0264044 2.55811e-20)
(0.942844 0.0287067 5.0711e-20)
(0.935076 0.0313841 2.51317e-20)
(0.926652 0.0345229 3.5199e-23)
(0.917478 0.0382341 9.18777e-24)
(0.907437 0.0426567 0)
(0.89638 0.0479547 -2.38148e-20)
(0.884113 0.054312 -2.34603e-20)
(0.870402 0.0619303 0)
(0.854964 0.0710366 -9.02818e-23)
(0.83747 0.0819135 1.17713e-22)
(0.817568 0.0946976 -1.3167e-22)
(0.996313 0.0427408 -3.73918e-23)
(0.990145 0.0234171 -9.24923e-24)
(0.985656 0.0244809 0)
(0.980968 0.0257793 -1.3264e-20)
(0.976045 0.0273253 -1.31826e-20)
(0.970842 0.0291373 1.30559e-20)
(0.965314 0.03124 1.30183e-20)
(0.959408 0.0336668 -2.33196e-23)
(0.95307 0.0364605 -2.54687e-20)
(0.946245 0.0396787 -5.05136e-20)
(0.938879 0.0433979 -2.5121e-20)
(0.930919 0.0477237 -2.46391e-20)
(0.922311 0.0527978 -7.30569e-20)
(0.912996 0.0588083 -4.79359e-20)
(0.902894 0.06599 -8.00506e-23)
(0.891887 0.0746177 8.23056e-23)
(0.879806 0.0849931 -4.52717e-20)
(0.866427 0.0974408 -8.87427e-20)
(0.851484 0.112369 -8.62105e-20)
(0.834673 0.129666 -4.20624e-20)
(0.996958 0.0518152 3.37384e-21)
(0.991426 0.0292366 -3.33387e-21)
(0.987247 0.0305978 -6.67702e-21)
(0.982893 0.0322506 -2.61633e-23)
(0.978335 0.0342177 0)
(0.973536 0.0365288 0)
(0.968453 0.0392204 5.0991e-23)
(0.963036 0.0423374 0)
(0.957231 0.0459317 7.4671e-23)
(0.95098 0.0500679 0)
(0.944232 0.0548266 -1.05898e-22)
(0.936946 0.0603173 -4.88359e-20)
(0.929101 0.0666899 -9.64308e-20)
(0.9207 0.0741565 -9.46463e-20)
(0.911761 0.0830058 -4.6682e-20)
(0.902299 0.0936075 2.40795e-22)
(0.892284 0.106393 2.78537e-22)
(0.881613 0.121822 -4.32508e-20)
(0.870123 0.140463 -4.19444e-20)
(0.857442 0.161622 8.1153e-20)
(0.997712 0.0588317 3.37484e-21)
(0.992948 0.0345117 3.36062e-21)
(0.989109 0.0361452 -3.26236e-23)
(0.985131 0.0381125 -3.96476e-23)
(0.981003 0.0404497 -2.62868e-20)
(0.976704 0.0432038 -1.60345e-22)
(0.972204 0.0464292 2.58579e-20)
(0.967459 0.0501876 0)
(0.962419 0.0545456 -9.7367e-23)
(0.957026 0.0595785 -1.14903e-22)
(0.951222 0.0653709 -1.35048e-22)
(0.944958 0.0720282 4.81582e-20)
(0.93821 0.0796867 2.0312e-22)
(0.931006 0.0885426 -4.69528e-20)
(0.923442 0.098884 0)
(0.915696 0.111129 -2.93251e-22)
(0.907987 0.125834 -8.66607e-20)
(0.900494 0.143645 -8.51984e-20)
(0.893317 0.165409 4.78323e-22)
(0.885801 0.189495 0)
(0.998552 0.0636118 1.34327e-22)
(0.994675 0.0392377 -1.33795e-20)
(0.991163 0.0411085 -2.67746e-20)
(0.987559 0.0433264 -1.32821e-20)
(0.983883 0.0459497 7.56943e-23)
(0.980137 0.0490507 -2.59902e-20)
(0.976309 0.0527065 -5.16899e-20)
(0.972379 0.057 -2.55923e-20)
(0.968315 0.0620175 9.2449e-24)
(0.964077 0.0678538 4.92649e-20)
(0.959614 0.0746094 4.90859e-20)
(0.954874 0.0823973 -4.77152e-20)
(0.949805 0.0913444 -4.75339e-20)
(0.94439 0.101613 2.67442e-22)
(0.938698 0.113427 3.07924e-22)
(0.932954 0.12714 8.92361e-24)
(0.927612 0.143295 8.8766e-24)
(0.923328 0.16263 -4.7583e-22)
(0.920932 0.186383 0)
(0.919472 0.212082 7.57432e-20)
(0.999471 0.06606 -6.61303e-21)
(0.996596 0.0434699 -6.75919e-21)
(0.993349 0.0455358 -9.18135e-23)
(0.990073 0.0479105 -2.63844e-20)
(0.986828 0.0507064 -2.63878e-20)
(0.983637 0.0540308 1.03086e-22)
(0.980507 0.0579816 0)
(0.977442 0.0626581 0)
(0.974447 0.0681636 -1.79514e-23)
(0.971531 0.0746143 -1.9169e-22)
(0.968695 0.0821366 1.99499e-22)
(0.965933 0.090873 2.29315e-22)
(0.963221 0.100976 0)
(0.960516 0.112615 -1.77125e-23)
(0.957779 0.125975 3.48872e-22)
(0.955054 0.141284 -1.76233e-23)
(0.952632 0.158858 4.60672e-22)
(0.951308 0.179087 -7.91665e-20)
(0.952973 0.202929 -7.74682e-20)
(0.95754 0.228492 0)
(1.00051 0.0660748 0)
(0.998753 0.0473876 -9.77469e-23)
(0.995605 0.0495299 -1.71346e-22)
(0.992588 0.0518998 0)
(0.989767 0.054731 2.60321e-20)
(0.987136 0.0581565 2.60688e-20)
(0.984694 0.0622764 5.10267e-20)
(0.982465 0.0671889 5.07566e-20)
(0.980491 0.0730009 -7.94879e-23)
(0.978837 0.0798381 -3.26711e-22)
(0.977585 0.0878454 0)
(0.976836 0.0971956 0)
(0.976691 0.108086 0)
(0.977246 0.120742 8.72078e-20)
(0.97855 0.135409 2.05113e-21)
(0.980567 0.15234 -1.66644e-19)
(0.983147 0.171746 -8.1162e-20)
(0.986062 0.193464 0)
(0.990077 0.216344 0)
(0.997319 0.24002 6.91941e-20)
(1.00191 0.0632697 0)
(1.00132 0.0516631 -1.3477e-20)
(0.997713 0.0531709 -4.01945e-20)
(0.994957 0.0552588 -2.66149e-20)
(0.992633 0.0580029 2.60905e-20)
(0.990593 0.0614612 -2.54309e-20)
(0.988797 0.0656966 -5.12072e-20)
(0.987256 0.0707889 0)
(0.986013 0.0768375 1.12574e-22)
(0.985138 0.0839674 -4.77012e-20)
(0.984731 0.092331 -1.008e-21)
(0.98492 0.102116 4.61614e-20)
(0.985867 0.113549 0)
(0.987772 0.1269 -8.44625e-20)
(0.990874 0.142483 -2.52851e-21)
(0.995456 0.160626 8.06823e-20)
(1.00182 0.181531 0)
(1.01 0.204634 -7.09436e-20)
(1.01846 0.227148 -7.01145e-20)
(1.02799 0.24927 4.0392e-22)
(1.0013 0.0598956 0)
(1.00115 0.0553394 0)
(0.998566 0.0559611 0)
(0.99646 0.0576635 0)
(0.994635 0.0602302 0)
(0.993006 0.063609 0)
(0.991545 0.0678157 0)
(0.990254 0.0729044 0)
(0.989165 0.0789572 0)
(0.988335 0.0860833 0)
(0.987858 0.094418 0)
(0.987876 0.104126 0)
(0.988596 0.115402 0)
(0.99033 0.128468 0)
(0.993534 0.143563 0)
(0.998889 0.160886 0)
(1.00734 0.180445 0)
(1.01986 0.201602 0)
(1.03626 0.222503 0)
(1.05512 0.243529 0)
(1.0004 0.0581862 0)
(1.0004 0.0571584 0)
(0.999488 0.0576099 0)
(0.998454 0.0591201 0)
(0.99751 0.0615101 0)
(0.996715 0.064718 0)
(0.996107 0.068742 0)
(0.995724 0.073616 0)
(0.995624 0.079399 0)
(0.995888 0.0861703 0)
(0.996632 0.0940264 0)
(0.998015 0.103078 0)
(1.00026 0.113444 0)
(1.00367 0.12524 0)
(1.00867 0.138553 0)
(1.01578 0.153388 0)
(1.02566 0.169574 0)
(1.03894 0.186648 0)
(1.056 0.203957 0)
(1.07748 0.221716 0)
(1.00027 0.0575049 0)
(1.00058 0.0575019 0)
(1.00053 0.0582029 0)
(1.00036 0.0596997 0)
(1.00023 0.0619751 0)
(1.00024 0.065014 0)
(1.00044 0.0688214 0)
(1.00091 0.0734219 0)
(1.00172 0.0788561 0)
(1.00296 0.0851765 0)
(1.00477 0.0924434 0)
(1.00729 0.100719 0)
(1.01076 0.110061 0)
(1.01544 0.120501 0)
(1.02168 0.132029 0)
(1.02991 0.144546 0)
(1.0406 0.157823 0)
(1.05424 0.171465 0)
(1.07133 0.184967 0)
(1.09264 0.197889 0)
(1.00039 0.0568292 0)
(1.0011 0.0571467 0)
(1.00169 0.0580045 0)
(1.00223 0.0595048 0)
(1.00282 0.0616812 0)
(1.00356 0.0645461 0)
(1.00451 0.0681124 0)
(1.00576 0.0723992 0)
(1.00738 0.0774323 0)
(1.00948 0.0832417 0)
(1.01217 0.0898571 0)
(1.01563 0.0973023 0)
(1.02004 0.105585 0)
(1.02564 0.114682 0)
(1.03271 0.12452 0)
(1.04158 0.13495 0)
(1.05258 0.145714 0)
(1.06608 0.156427 0)
(1.08243 0.166563 0)
(1.10199 0.175408 0)
(1.00059 0.0558397 0)
(1.00175 0.0562557 0)
(1.00289 0.0571677 0)
(1.00404 0.0586383 0)
(1.00527 0.0607029 0)
(1.00667 0.0633813 0)
(1.0083 0.0666876 0)
(1.01023 0.0706352 0)
(1.01256 0.0752375 0)
(1.01539 0.0805061 0)
(1.01883 0.0864469 0)
(1.02302 0.093054 0)
(1.02814 0.100301 0)
(1.03437 0.108128 0)
(1.04195 0.116428 0)
(1.0511 0.125027 0)
(1.06208 0.133663 0)
(1.07509 0.14197 0)
(1.09031 0.149457 0)
(1.10781 0.155459 0)
(1.00081 0.0544367 0)
(1.00243 0.0548721 0)
(1.00407 0.0557752 0)
(1.00576 0.0571805 0)
(1.00757 0.0591138 0)
(1.00955 0.0615916 0)
(1.01177 0.0646247 0)
(1.01431 0.0682198 0)
(1.01725 0.0723799 0)
(1.02068 0.077102 0)
(1.02472 0.0823743 0)
(1.02949 0.0881699 0)
(1.03512 0.0944401 0)
(1.04177 0.101105 0)
(1.04961 0.108041 0)
(1.05881 0.11507 0)
(1.06953 0.121945 0)
(1.08188 0.12834 0)
(1.09592 0.13384 0)
(1.11157 0.137935 0)
(1.00103 0.0526002 0)
(1.00309 0.0530227 0)
(1.00519 0.0538821 0)
(1.00738 0.0551966 0)
(1.00969 0.056982 0)
(1.01218 0.0592486 0)
(1.01492 0.0620017 0)
(1.01799 0.0652415 0)
(1.02144 0.0689621 0)
(1.02538 0.07315 0)
(1.02989 0.0777805 0)
(1.03509 0.0828135 0)
(1.04107 0.0881875 0)
(1.04798 0.0938129 0)
(1.05591 0.0995635 0)
(1.06501 0.105269 0)
(1.07535 0.110709 0)
(1.08698 0.115607 0)
(1.09991 0.119632 0)
(1.114 0.122414 0)
(1.00123 0.0503422 0)
(1.00371 0.0507375 0)
(1.00624 0.0515347 0)
(1.00886 0.0527428 0)
(1.01162 0.0543698 0)
(1.01457 0.0564199 0)
(1.01776 0.058893 0)
(1.02127 0.0617832 0)
(1.02516 0.065078 0)
(1.0295 0.0687562 0)
(1.03439 0.0727851 0)
(1.03989 0.077117 0)
(1.04612 0.0816846 0)
(1.05315 0.0863966 0)
(1.06107 0.0911321 0)
(1.06996 0.0957362 0)
(1.07987 0.100017 0)
(1.0908 0.103749 0)
(1.10272 0.106672 0)
(1.11551 0.108518 0)
(1.00142 0.0476892 0)
(1.00428 0.0480508 0)
(1.0072 0.0487767 0)
(1.01021 0.0498706 0)
(1.01336 0.0513348 0)
(1.0167 0.0531688 0)
(1.02029 0.0553676 0)
(1.02417 0.0579208 0)
(1.02842 0.060811 0)
(1.03309 0.0640122 0)
(1.03825 0.0674872 0)
(1.04399 0.071185 0)
(1.05035 0.0750378 0)
(1.05742 0.0789575 0)
(1.06525 0.0828326 0)
(1.07389 0.0865266 0)
(1.08336 0.0898771 0)
(1.09364 0.0926993 0)
(1.10468 0.0947933 0)
(1.11636 0.0959576 0)
(1.00159 0.0446749 0)
(1.0048 0.045 0)
(1.00806 0.0456511 0)
(1.01142 0.0466282 0)
(1.01492 0.0479303 0)
(1.0186 0.049553 0)
(1.02251 0.051488 0)
(1.02671 0.0537215 0)
(1.03125 0.0562332 0)
(1.03618 0.0589944 0)
(1.04156 0.0619664 0)
(1.04744 0.0650981 0)
(1.05389 0.0683242 0)
(1.06094 0.0715629 0)
(1.06864 0.0747146 0)
(1.077 0.0776609 0)
(1.08604 0.0802659 0)
(1.09572 0.0823799 0)
(1.10598 0.0838461 0)
(1.11673 0.084511 0)
(1.00175 0.0413353 0)
(1.00526 0.0416235 0)
(1.00883 0.0421993 0)
(1.01249 0.0430611 0)
(1.01629 0.0442052 0)
(1.02026 0.045625 0)
(1.02446 0.0473098 0)
(1.02892 0.0492441 0)
(1.03369 0.051406 0)
(1.03882 0.053766 0)
(1.04436 0.0562858 0)
(1.05034 0.0589167 0)
(1.05682 0.0615979 0)
(1.06381 0.0642556 0)
(1.07135 0.0668022 0)
(1.07944 0.0691368 0)
(1.08808 0.0711463 0)
(1.09722 0.0727096 0)
(1.10681 0.0737022 0)
(1.11676 0.0740045 0)
(1.00188 0.0377078 0)
(1.00566 0.0379595 0)
(1.0095 0.0384618 0)
(1.01343 0.0392119 0)
(1.01748 0.0402047 0)
(1.0217 0.0414321 0)
(1.02613 0.0428824 0)
(1.03081 0.0445392 0)
(1.03577 0.0463806 0)
(1.04106 0.0483777 0)
(1.04671 0.0504942 0)
(1.05276 0.052685 0)
(1.05923 0.054895 0)
(1.06614 0.0570592 0)
(1.07352 0.059102 0)
(1.08135 0.0609379 0)
(1.08961 0.0624737 0)
(1.09827 0.0636109 0)
(1.10728 0.06425 0)
(1.11654 0.0642963 0)
(1.002 0.0338285 0)
(1.00601 0.0340451 0)
(1.01008 0.0344768 0)
(1.01423 0.0351202 0)
(1.01851 0.0359696 0)
(1.02294 0.0370164 0)
(1.02756 0.0382486 0)
(1.03241 0.03965 0)
(1.03753 0.0411995 0)
(1.04294 0.0428701 0)
(1.04867 0.0446285 0)
(1.05474 0.046434 0)
(1.06119 0.0482381 0)
(1.06802 0.0499844 0)
(1.07523 0.0516086 0)
(1.08282 0.0530394 0)
(1.09075 0.0542001 0)
(1.09899 0.0550107 0)
(1.10749 0.0553916 0)
(1.11617 0.0552668 0)
(1.0021 0.0297329 0)
(1.00631 0.0299159 0)
(1.01057 0.0302805 0)
(1.01492 0.0308229 0)
(1.01938 0.0315374 0)
(1.02398 0.0324156 0)
(1.02877 0.0334458 0)
(1.03376 0.0346129 0)
(1.03899 0.0358974 0)
(1.04449 0.0372749 0)
(1.05027 0.0387158 0)
(1.05637 0.0401844 0)
(1.06278 0.041639 0)
(1.06951 0.0430317 0)
(1.07657 0.0443087 0)
(1.08394 0.0454112 0)
(1.09158 0.0462767 0)
(1.09947 0.0468407 0)
(1.10753 0.0470393 0)
(1.11572 0.0468119 0)
(1.00218 0.0254544 0)
(1.00656 0.0256057 0)
(1.01099 0.0259067 0)
(1.01549 0.0263539 0)
(1.0201 0.026942 0)
(1.02485 0.027663 0)
(1.02976 0.0285065 0)
(1.03487 0.0294587 0)
(1.04019 0.0305025 0)
(1.04575 0.0316166 0)
(1.05158 0.0327756 0)
(1.05767 0.033949 0)
(1.06404 0.035102 0)
(1.07069 0.0361948 0)
(1.07761 0.0371835 0)
(1.08478 0.0380202 0)
(1.09218 0.0386549 0)
(1.09976 0.0390361 0)
(1.10746 0.0391133 0)
(1.11523 0.0388382 0)
(1.00225 0.0210251 0)
(1.00676 0.0211462 0)
(1.01132 0.0213871 0)
(1.01595 0.0217447 0)
(1.02069 0.0222141 0)
(1.02555 0.0227885 0)
(1.03056 0.0234588 0)
(1.03576 0.0242134 0)
(1.04115 0.0250377 0)
(1.04676 0.025914 0)
(1.05261 0.0268211 0)
(1.05869 0.0277344 0)
(1.06502 0.0286254 0)
(1.0716 0.0294624 0)
(1.0784 0.0302102 0)
(1.08541 0.0308314 0)
(1.0926 0.0312865 0)
(1.09992 0.0315356 0)
(1.10734 0.0315394 0)
(1.11477 0.0312603 0)
(1.0023 0.016475 0)
(1.00692 0.0165675 0)
(1.01159 0.0167514 0)
(1.01632 0.0170242 0)
(1.02114 0.0173817 0)
(1.02609 0.0178186 0)
(1.03119 0.0183274 0)
(1.03645 0.0188989 0)
(1.04189 0.0195213 0)
(1.04754 0.0201809 0)
(1.0534 0.020861 0)
(1.05947 0.0215424 0)
(1.06577 0.0222033 0)
(1.07227 0.0228193 0)
(1.07898 0.0233639 0)
(1.08586 0.0238086 0)
(1.09288 0.024124 0)
(1.10001 0.0242802 0)
(1.10719 0.0242478 0)
(1.11436 0.0239987 0)
(1.00234 0.0118328 0)
(1.00704 0.011898 0)
(1.01178 0.0120276 0)
(1.01658 0.0122194 0)
(1.02148 0.0124707 0)
(1.02649 0.0127774 0)
(1.03164 0.0131341 0)
(1.03695 0.0135339 0)
(1.04243 0.0139685 0)
(1.0481 0.0144278 0)
(1.05397 0.0148999 0)
(1.06003 0.0153713 0)
(1.0663 0.0158264 0)
(1.07276 0.0162481 0)
(1.07939 0.0166176 0)
(1.08617 0.0169153 0)
(1.09307 0.0171207 0)
(1.10005 0.017213 0)
(1.10705 0.017172 0)
(1.11403 0.0169783 0)
(1.00237 0.00712566 0)
(1.00712 0.00716491 0)
(1.01191 0.0072419 0)
(1.01676 0.00735585 0)
(1.0217 0.007505 0)
(1.02676 0.00768684 0)
(1.03194 0.0078981 0)
(1.03728 0.00813464 0)
(1.04278 0.00839139 0)
(1.04847 0.00866229 0)
(1.05434 0.00894021 0)
(1.0604 0.00921698 0)
(1.06664 0.00948337 0)
(1.07307 0.00972919 0)
(1.07965 0.00994343 0)
(1.08636 0.0101144 0)
(1.09318 0.0102301 0)
(1.10006 0.0102784 0)
(1.10695 0.0102478 0)
(1.1138 0.0101278 0)
(1.00238 0.00237966 0)
(1.00716 0.00239292 0)
(1.01197 0.00241844 0)
(1.01685 0.00245623 0)
(1.02181 0.00250567 0)
(1.02689 0.00256592 0)
(1.03209 0.00263589 0)
(1.03744 0.00271419 0)
(1.04296 0.00279911 0)
(1.04865 0.00288864 0)
(1.05452 0.0029804 0)
(1.06058 0.00307167 0)
(1.06681 0.00315939 0)
(1.07322 0.00324019 0)
(1.07977 0.00331041 0)
(1.08646 0.00336623 0)
(1.09323 0.00340367 0)
(1.10007 0.0034188 0)
(1.1069 0.00340782 0)
(1.11369 0.00336816 0)
(1.08356 0.244402 -1.83116e-21)
(1.1227 0.23925 -5.68852e-20)
(1.161 0.228623 0)
(1.19662 0.209168 -4.36058e-20)
(1.22833 0.184863 0)
(1.25558 0.156856 -3.11617e-20)
(1.27795 0.125793 -9.23743e-21)
(1.29509 0.0922691 2.19025e-21)
(1.30669 0.0569263 0)
(1.31251 0.0204721 0)
(1.10607 0.22387 -5.68504e-20)
(1.14039 0.216804 0)
(1.17223 0.205568 -4.59588e-20)
(1.20011 0.18611 0)
(1.22438 0.162625 -4.13194e-21)
(1.24545 0.136767 -1.85243e-20)
(1.26309 0.109039 -2.32865e-20)
(1.27685 0.0797287 -2.16083e-21)
(1.2863 0.0491816 -2.17761e-21)
(1.2911 0.0178544 -1.91338e-22)
(1.1173 0.199972 -5.96292e-20)
(1.14439 0.189988 0)
(1.17137 0.179799 -4.43575e-20)
(1.19618 0.163757 4.03834e-21)
(1.21733 0.143139 -3.37586e-20)
(1.23508 0.119961 -1.50051e-20)
(1.24966 0.0952348 -2.05727e-20)
(1.26094 0.069414 2.13322e-21)
(1.26868 0.0427947 0)
(1.27262 0.0156836 -1.56301e-23)
(1.12311 0.178497 0)
(1.14521 0.166604 -4.94649e-20)
(1.16778 0.155724 -3.9428e-21)
(1.18963 0.14247 -1.646e-24)
(1.20873 0.125274 -3.52212e-20)
(1.22454 0.105227 -4.13774e-21)
(1.23718 0.083492 -1.13796e-20)
(1.24675 0.0607776 0)
(1.25324 0.0374798 1.18985e-21)
(1.25654 0.0138682 -8.69665e-22)
(1.12625 0.159165 5.25611e-20)
(1.14519 0.14688 -9.50963e-20)
(1.16416 0.13513 2.94122e-24)
(1.18286 0.123287 -1.46151e-24)
(1.19985 0.108938 4.05391e-21)
(1.21414 0.0919782 -4.10461e-21)
(1.22548 0.0731996 -2.07158e-21)
(1.23393 0.0533636 -3.60649e-21)
(1.23957 0.0329704 2.38334e-22)
(1.24243 0.0123236 0)
(1.12792 0.141508 4.01003e-21)
(1.1446 0.129767 -3.70628e-21)
(1.16085 0.117844 -3.92239e-21)
(1.17676 0.106717 -3.97721e-21)
(1.1916 0.0943902 0)
(1.20441 0.0800755 -1.23119e-20)
(1.2147 0.0640311 2.05508e-21)
(1.22235 0.0468514 -3.73366e-21)
(1.22742 0.0290516 -2.07838e-21)
(1.22999 0.0109771 1.61773e-22)
(1.12864 0.125349 -5.17895e-20)
(1.14354 0.114574 5.08223e-20)
(1.15774 0.103133 2.35014e-24)
(1.17141 0.0926006 -3.96023e-21)
(1.18428 0.0817023 -1.42361e-20)
(1.19565 0.0694973 -2.84474e-20)
(1.20496 0.0558336 -1.31422e-20)
(1.21197 0.0410468 0)
(1.21663 0.0255749 -9.61599e-22)
(1.21899 0.00977524 1.67803e-22)
(1.12871 0.110605 0)
(1.14213 0.100925 0)
(1.15474 0.0903628 0)
(1.16668 0.080524 -1.18271e-20)
(1.17788 0.0707348 2.65824e-21)
(1.18794 0.0601883 -2.29991e-20)
(1.19633 0.0485237 -1.15975e-20)
(1.20275 0.0358394 -5.72693e-25)
(1.20707 0.0224484 -2.13764e-21)
(1.20928 0.00868319 0)
(1.12834 0.0971881 2.08431e-20)
(1.1405 0.0886015 0)
(1.15185 0.0790943 -3.89506e-21)
(1.16243 0.0700696 -1.62377e-20)
(1.17231 0.0612453 1.77608e-20)
(1.18122 0.0520356 -1.13019e-20)
(1.18877 0.0420293 -4.39152e-21)
(1.19465 0.0311617 -2.02281e-21)
(1.19866 0.019618 -1.93597e-21)
(1.20074 0.00768053 0)
(1.12767 0.0849849 2.24195e-21)
(1.13876 0.0774392 0)
(1.14907 0.0690299 -3.88649e-21)
(1.15861 0.0608943 1.35036e-20)
(1.16743 0.0529738 3.94917e-21)
(1.17539 0.0448895 3.97734e-21)
(1.18221 0.0362691 2.35499e-21)
(1.18758 0.0269621 2.59277e-21)
(1.1913 0.01705 -3.89033e-21)
(1.19326 0.00675508 -1.01065e-21)
(1.12681 0.0738725 -1.78177e-20)
(1.13699 0.0672975 5.77221e-21)
(1.14646 0.0599584 3.87992e-21)
(1.15517 0.0527361 1.77889e-20)
(1.16316 0.0456882 3.93538e-21)
(1.17035 0.0385933 0)
(1.17654 0.0311541 -7.08486e-21)
(1.18146 0.0231925 5.04027e-21)
(1.18491 0.0147195 7.00889e-22)
(1.18675 0.00589919 0)
(1.12585 0.0637206 -1.90603e-21)
(1.13527 0.0580448 1.92005e-21)
(1.14404 0.0517153 1.39895e-24)
(1.15209 0.0453953 -7.11603e-25)
(1.15943 0.039194 3.92335e-21)
(1.16601 0.0329992 -3.94658e-21)
(1.17167 0.0265923 -5.41079e-21)
(1.1762 0.0198034 2.44025e-21)
(1.1794 0.0126032 -1.90204e-21)
(1.18114 0.00510627 0)
(1.12486 0.0544036 0)
(1.13364 0.0495587 1.24059e-20)
(1.14184 0.0441677 0)
(1.14937 0.0387177 -4.84352e-21)
(1.15621 0.0333353 0)
(1.1623 0.0279783 0)
(1.16753 0.0224964 1.97666e-21)
(1.17172 0.0167453 1.98396e-21)
(1.17471 0.0106779 -6.52801e-22)
(1.17634 0.00437025 0)
(1.12388 0.0457992 -1.36725e-20)
(1.13215 0.0417238 1.0881e-20)
(1.13989 0.0372003 0)
(1.147 0.0325794 -5.28234e-21)
(1.15344 0.0279864 7.46059e-21)
(1.15915 0.0234208 -3.92416e-21)
(1.16404 0.0187864 -2.80247e-21)
(1.16795 0.0139694 -1.97802e-21)
(1.17074 0.00891952 -1.74215e-21)
(1.17228 0.00368434 0)
(1.12298 0.0377935 -7.28575e-21)
(1.13083 0.034434 4.43924e-21)
(1.13821 0.0307136 -3.8528e-21)
(1.14499 0.0268795 -4.31351e-21)
(1.15112 0.0230462 4.60306e-21)
(1.15653 0.0192361 0)
(1.16114 0.0153923 3.14707e-21)
(1.16483 0.0114302 1.97247e-21)
(1.16746 0.0073042 2.50817e-22)
(1.16892 0.00304212 -1.58516e-23)
(1.12218 0.0302785 5.08998e-21)
(1.12972 0.0275901 8.44183e-21)
(1.13681 0.0246177 -3.16818e-21)
(1.14334 0.0215317 -3.87092e-21)
(1.14923 0.018431 -3.09243e-21)
(1.15441 0.0153479 0)
(1.1588 0.0122526 -7.6648e-22)
(1.1623 0.00908538 -1.69511e-21)
(1.16479 0.00580862 -1.97287e-21)
(1.16619 0.00243674 -1.68281e-23)
(1.12151 0.0231544 -2.88783e-21)
(1.12882 0.0211013 0)
(1.1357 0.0188324 -7.1662e-21)
(1.14204 0.0164622 -1.03945e-21)
(1.14775 0.014071 3.88604e-21)
(1.15275 0.0116933 3.90347e-21)
(1.15697 0.00931536 5.07246e-21)
(1.16032 0.00689788 4.92703e-22)
(1.16271 0.00441128 -1.96938e-21)
(1.16405 0.00186246 0)
(1.12101 0.0163267 -2.11405e-21)
(1.12815 0.014882 5.73153e-21)
(1.13489 0.0132833 3.84366e-21)
(1.1411 0.0116045 2.07672e-21)
(1.14667 0.00990617 3.88278e-21)
(1.15154 0.00821757 -2.42797e-22)
(1.15564 0.00653506 0)
(1.15887 0.00483351 2.18948e-22)
(1.16117 0.00309228 4.03453e-23)
(1.16247 0.00131315 -3.13366e-24)
(1.12067 0.00970762 -1.03174e-21)
(1.12773 0.00885232 3.8197e-21)
(1.13439 0.00790191 -1.83802e-22)
(1.14051 0.00689962 -4.6092e-21)
(1.146 0.00588368 7.0263e-23)
(1.15078 0.00487458 -4.10436e-21)
(1.15478 0.00387208 -1.95528e-21)
(1.15792 0.00286264 1.94478e-21)
(1.16016 0.00183297 4.45672e-23)
(1.16142 0.000784114 -3.57793e-24)
(1.12053 0.00320399 0)
(1.12759 0.00292728 0)
(1.13423 0.00261657 -4.06175e-21)
(1.14031 0.00228693 -3.86223e-21)
(1.14574 0.001951 8.35636e-23)
(1.15045 0.00161713 6.92577e-23)
(1.15438 0.00128487 1.95513e-21)
(1.15746 0.000950885 -1.97483e-23)
(1.15965 0.000609686 -1.96429e-21)
(1.16088 0.000262915 0)
)
;

boundaryField
{
    down
    {
        type            symmetryPlane;
    }
    right
    {
        type            zeroGradient;
    }
    up
    {
        type            symmetryPlane;
    }
    left
    {
        type            uniformFixedValue;
        uniformValue    constant (1 0 0);
        value           uniform (1 0 0);
    }
    cylinder
    {
        type            symmetry;
    }
    defaultFaces
    {
        type            empty;
    }
}


// ************************************************************************* //
